%YAML:1.0
aruco_bc_dict: ARUCO_MIP_36h12
aruco_bc_nmarkers: 41
aruco_bc_mInfoType: 0
aruco_bc_markers:
   - { id:195, corners:[ [ -1125., -875., 0. ], [ -875., -875., 0. ], [
       -875., -1125., 0. ], [ -1125., -1125., 0. ] ] }
   - { id:183, corners:[ [ -625., -875., 0. ], [ -375., -875., 0. ], [
       -375., -1125., 0. ], [ -625., -1125., 0. ] ] }
   - { id:194, corners:[ [ -125., -875., 0. ], [ 125., -875., 0. ], [
       125., -1125., 0. ], [ -125., -1125., 0. ] ] }
   - { id:231, corners:[ [ 375., -875., 0. ], [ 625., -875., 0. ], [
       625., -1125., 0. ], [ 375., -1125., 0. ] ] }
   - { id:15, corners:[ [ 875., -875., 0. ], [ 1125., -875., 0. ], [
       1125., -1125., 0. ], [ 875., -1125., 0. ] ] }
   - { id:119, corners:[ [ -875., -625., 0. ], [ -625., -625., 0. ], [
       -625., -875., 0. ], [ -875., -875., 0. ] ] }
   - { id:26, corners:[ [ -375., -625., 0. ], [ -125., -625., 0. ], [
       -125., -875., 0. ], [ -375., -875., 0. ] ] }
   - { id:108, corners:[ [ 125., -625., 0. ], [ 375., -625., 0. ], [
       375., -875., 0. ], [ 125., -875., 0. ] ] }
   - { id:64, corners:[ [ 625., -625., 0. ], [ 875., -625., 0. ], [ 875.,
       -875., 0. ], [ 625., -875., 0. ] ] }
   - { id:172, corners:[ [ -1125., -375., 0. ], [ -875., -375., 0. ], [
       -875., -625., 0. ], [ -1125., -625., 0. ] ] }
   - { id:200, corners:[ [ -625., -375., 0. ], [ -375., -375., 0. ], [
       -375., -625., 0. ], [ -625., -625., 0. ] ] }
   - { id:121, corners:[ [ -125., -375., 0. ], [ 125., -375., 0. ], [
       125., -625., 0. ], [ -125., -625., 0. ] ] }
   - { id:43, corners:[ [ 375., -375., 0. ], [ 625., -375., 0. ], [ 625.,
       -625., 0. ], [ 375., -625., 0. ] ] }
   - { id:174, corners:[ [ 875., -375., 0. ], [ 1125., -375., 0. ], [
       1125., -625., 0. ], [ 875., -625., 0. ] ] }
   - { id:216, corners:[ [ -875., -125., 0. ], [ -625., -125., 0. ], [
       -625., -375., 0. ], [ -875., -375., 0. ] ] }
   - { id:109, corners:[ [ -375., -125., 0. ], [ -125., -125., 0. ], [
       -125., -375., 0. ], [ -375., -375., 0. ] ] }
   - { id:0, corners:[ [ 125., -125., 0. ], [ 375., -125., 0. ], [ 375.,
       -375., 0. ], [ 125., -375., 0. ] ] }
   - { id:162, corners:[ [ 625., -125., 0. ], [ 875., -125., 0. ], [
       875., -375., 0. ], [ 625., -375., 0. ] ] }
   - { id:88, corners:[ [ -1125., 125., 0. ], [ -875., 125., 0. ], [
       -875., -125., 0. ], [ -1125., -125., 0. ] ] }
   - { id:137, corners:[ [ -625., 125., 0. ], [ -375., 125., 0. ], [
       -375., -125., 0. ], [ -625., -125., 0. ] ] }
   - { id:33, corners:[ [ -125., 125., 0. ], [ 125., 125., 0. ], [ 125.,
       -125., 0. ], [ -125., -125., 0. ] ] }
   - { id:211, corners:[ [ 375., 125., 0. ], [ 625., 125., 0. ], [ 625.,
       -125., 0. ], [ 375., -125., 0. ] ] }
   - { id:98, corners:[ [ 875., 125., 0. ], [ 1125., 125., 0. ], [ 1125.,
       -125., 0. ], [ 875., -125., 0. ] ] }
   - { id:46, corners:[ [ -875., 375., 0. ], [ -625., 375., 0. ], [
       -625., 125., 0. ], [ -875., 125., 0. ] ] }
   - { id:141, corners:[ [ -375., 375., 0. ], [ -125., 375., 0. ], [
       -125., 125., 0. ], [ -375., 125., 0. ] ] }
   - { id:228, corners:[ [ 125., 375., 0. ], [ 375., 375., 0. ], [ 375.,
       125., 0. ], [ 125., 125., 0. ] ] }
   - { id:67, corners:[ [ 625., 375., 0. ], [ 875., 375., 0. ], [ 875.,
       125., 0. ], [ 625., 125., 0. ] ] }
   - { id:157, corners:[ [ -1125., 625., 0. ], [ -875., 625., 0. ], [
       -875., 375., 0. ], [ -1125., 375., 0. ] ] }
   - { id:17, corners:[ [ -625., 625., 0. ], [ -375., 625., 0. ], [
       -375., 375., 0. ], [ -625., 375., 0. ] ] }
   - { id:111, corners:[ [ -125., 625., 0. ], [ 125., 625., 0. ], [ 125.,
       375., 0. ], [ -125., 375., 0. ] ] }
   - { id:122, corners:[ [ 375., 625., 0. ], [ 625., 625., 0. ], [ 625.,
       375., 0. ], [ 375., 375., 0. ] ] }
   - { id:187, corners:[ [ 875., 625., 0. ], [ 1125., 625., 0. ], [
       1125., 375., 0. ], [ 875., 375., 0. ] ] }
   - { id:54, corners:[ [ -875., 875., 0. ], [ -625., 875., 0. ], [
       -625., 625., 0. ], [ -875., 625., 0. ] ] }
   - { id:179, corners:[ [ -375., 875., 0. ], [ -125., 875., 0. ], [
       -125., 625., 0. ], [ -375., 625., 0. ] ] }
   - { id:75, corners:[ [ 125., 875., 0. ], [ 375., 875., 0. ], [ 375.,
       625., 0. ], [ 125., 625., 0. ] ] }
   - { id:205, corners:[ [ 625., 875., 0. ], [ 875., 875., 0. ], [ 875.,
       625., 0. ], [ 625., 625., 0. ] ] }
   - { id:142, corners:[ [ -1125., 1125., 0. ], [ -875., 1125., 0. ], [
       -875., 875., 0. ], [ -1125., 875., 0. ] ] }
   - { id:55, corners:[ [ -625., 1125., 0. ], [ -375., 1125., 0. ], [
       -375., 875., 0. ], [ -625., 875., 0. ] ] }
   - { id:62, corners:[ [ -125., 1125., 0. ], [ 125., 1125., 0. ], [
       125., 875., 0. ], [ -125., 875., 0. ] ] }
   - { id:240, corners:[ [ 375., 1125., 0. ], [ 625., 1125., 0. ], [
       625., 875., 0. ], [ 375., 875., 0. ] ] }
   - { id:199, corners:[ [ 875., 1125., 0. ], [ 1125., 1125., 0. ], [
       1125., 875., 0. ], [ 875., 875., 0. ] ] }
