%YAML:1.0
aruco_bc_dict: ARUCO_MIP_36h12
aruco_bc_nmarkers: 41
aruco_bc_mInfoType: 0
aruco_bc_markers:
   - { id:224, corners:[ [ -1125., -875., 0. ], [ -875., -875., 0. ], [
       -875., -1125., 0. ], [ -1125., -1125., 0. ] ] }
   - { id:25, corners:[ [ -625., -875., 0. ], [ -375., -875., 0. ], [
       -375., -1125., 0. ], [ -625., -1125., 0. ] ] }
   - { id:243, corners:[ [ -125., -875., 0. ], [ 125., -875., 0. ], [
       125., -1125., 0. ], [ -125., -1125., 0. ] ] }
   - { id:213, corners:[ [ 375., -875., 0. ], [ 625., -875., 0. ], [
       625., -1125., 0. ], [ 375., -1125., 0. ] ] }
   - { id:234, corners:[ [ 875., -875., 0. ], [ 1125., -875., 0. ], [
       1125., -1125., 0. ], [ 875., -1125., 0. ] ] }
   - { id:96, corners:[ [ -875., -625., 0. ], [ -625., -625., 0. ], [
       -625., -875., 0. ], [ -875., -875., 0. ] ] }
   - { id:66, corners:[ [ -375., -625., 0. ], [ -125., -625., 0. ], [
       -125., -875., 0. ], [ -375., -875., 0. ] ] }
   - { id:225, corners:[ [ 125., -625., 0. ], [ 375., -625., 0. ], [
       375., -875., 0. ], [ 125., -875., 0. ] ] }
   - { id:206, corners:[ [ 625., -625., 0. ], [ 875., -625., 0. ], [
       875., -875., 0. ], [ 625., -875., 0. ] ] }
   - { id:150, corners:[ [ -1125., -375., 0. ], [ -875., -375., 0. ], [
       -875., -625., 0. ], [ -1125., -625., 0. ] ] }
   - { id:147, corners:[ [ -625., -375., 0. ], [ -375., -375., 0. ], [
       -375., -625., 0. ], [ -625., -625., 0. ] ] }
   - { id:47, corners:[ [ -125., -375., 0. ], [ 125., -375., 0. ], [
       125., -625., 0. ], [ -125., -625., 0. ] ] }
   - { id:104, corners:[ [ 375., -375., 0. ], [ 625., -375., 0. ], [
       625., -625., 0. ], [ 375., -625., 0. ] ] }
   - { id:164, corners:[ [ 875., -375., 0. ], [ 1125., -375., 0. ], [
       1125., -625., 0. ], [ 875., -625., 0. ] ] }
   - { id:235, corners:[ [ -875., -125., 0. ], [ -625., -125., 0. ], [
       -625., -375., 0. ], [ -875., -375., 0. ] ] }
   - { id:163, corners:[ [ -375., -125., 0. ], [ -125., -125., 0. ], [
       -125., -375., 0. ], [ -375., -375., 0. ] ] }
   - { id:82, corners:[ [ 125., -125., 0. ], [ 375., -125., 0. ], [ 375.,
       -375., 0. ], [ 125., -375., 0. ] ] }
   - { id:56, corners:[ [ 625., -125., 0. ], [ 875., -125., 0. ], [ 875.,
       -375., 0. ], [ 625., -375., 0. ] ] }
   - { id:52, corners:[ [ -1125., 125., 0. ], [ -875., 125., 0. ], [
       -875., -125., 0. ], [ -1125., -125., 0. ] ] }
   - { id:16, corners:[ [ -625., 125., 0. ], [ -375., 125., 0. ], [
       -375., -125., 0. ], [ -625., -125., 0. ] ] }
   - { id:138, corners:[ [ -125., 125., 0. ], [ 125., 125., 0. ], [ 125.,
       -125., 0. ], [ -125., -125., 0. ] ] }
   - { id:139, corners:[ [ 375., 125., 0. ], [ 625., 125., 0. ], [ 625.,
       -125., 0. ], [ 375., -125., 0. ] ] }
   - { id:212, corners:[ [ 875., 125., 0. ], [ 1125., 125., 0. ], [
       1125., -125., 0. ], [ 875., -125., 0. ] ] }
   - { id:175, corners:[ [ -875., 375., 0. ], [ -625., 375., 0. ], [
       -625., 125., 0. ], [ -875., 125., 0. ] ] }
   - { id:34, corners:[ [ -375., 375., 0. ], [ -125., 375., 0. ], [
       -125., 125., 0. ], [ -375., 125., 0. ] ] }
   - { id:9, corners:[ [ 125., 375., 0. ], [ 375., 375., 0. ], [ 375.,
       125., 0. ], [ 125., 125., 0. ] ] }
   - { id:131, corners:[ [ 625., 375., 0. ], [ 875., 375., 0. ], [ 875.,
       125., 0. ], [ 625., 125., 0. ] ] }
   - { id:81, corners:[ [ -1125., 625., 0. ], [ -875., 625., 0. ], [
       -875., 375., 0. ], [ -1125., 375., 0. ] ] }
   - { id:248, corners:[ [ -625., 625., 0. ], [ -375., 625., 0. ], [
       -375., 375., 0. ], [ -625., 375., 0. ] ] }
   - { id:158, corners:[ [ -125., 625., 0. ], [ 125., 625., 0. ], [ 125.,
       375., 0. ], [ -125., 375., 0. ] ] }
   - { id:72, corners:[ [ 375., 625., 0. ], [ 625., 625., 0. ], [ 625.,
       375., 0. ], [ 375., 375., 0. ] ] }
   - { id:101, corners:[ [ 875., 625., 0. ], [ 1125., 625., 0. ], [
       1125., 375., 0. ], [ 875., 375., 0. ] ] }
   - { id:84, corners:[ [ -875., 875., 0. ], [ -625., 875., 0. ], [
       -625., 625., 0. ], [ -875., 625., 0. ] ] }
   - { id:146, corners:[ [ -375., 875., 0. ], [ -125., 875., 0. ], [
       -125., 625., 0. ], [ -375., 625., 0. ] ] }
   - { id:186, corners:[ [ 125., 875., 0. ], [ 375., 875., 0. ], [ 375.,
       625., 0. ], [ 125., 625., 0. ] ] }
   - { id:91, corners:[ [ 625., 875., 0. ], [ 875., 875., 0. ], [ 875.,
       625., 0. ], [ 625., 625., 0. ] ] }
   - { id:165, corners:[ [ -1125., 1125., 0. ], [ -875., 1125., 0. ], [
       -875., 875., 0. ], [ -1125., 875., 0. ] ] }
   - { id:118, corners:[ [ -625., 1125., 0. ], [ -375., 1125., 0. ], [
       -375., 875., 0. ], [ -625., 875., 0. ] ] }
   - { id:173, corners:[ [ -125., 1125., 0. ], [ 125., 1125., 0. ], [
       125., 875., 0. ], [ -125., 875., 0. ] ] }
   - { id:21, corners:[ [ 375., 1125., 0. ], [ 625., 1125., 0. ], [ 625.,
       875., 0. ], [ 375., 875., 0. ] ] }
   - { id:238, corners:[ [ 875., 1125., 0. ], [ 1125., 1125., 0. ], [
       1125., 875., 0. ], [ 875., 875., 0. ] ] }
