%YAML:1.0
aruco_bc_dict: ARUCO_MIP_36h12
aruco_bc_nmarkers: 41
aruco_bc_mInfoType: 0
aruco_bc_markers:
   - { id:76, corners:[ [ -1125., -875., 0. ], [ -875., -875., 0. ], [
       -875., -1125., 0. ], [ -1125., -1125., 0. ] ] }
   - { id:185, corners:[ [ -625., -875., 0. ], [ -375., -875., 0. ], [
       -375., -1125., 0. ], [ -625., -1125., 0. ] ] }
   - { id:102, corners:[ [ -125., -875., 0. ], [ 125., -875., 0. ], [
       125., -1125., 0. ], [ -125., -1125., 0. ] ] }
   - { id:14, corners:[ [ 375., -875., 0. ], [ 625., -875., 0. ], [ 625.,
       -1125., 0. ], [ 375., -1125., 0. ] ] }
   - { id:20, corners:[ [ 875., -875., 0. ], [ 1125., -875., 0. ], [
       1125., -1125., 0. ], [ 875., -1125., 0. ] ] }
   - { id:116, corners:[ [ -875., -625., 0. ], [ -625., -625., 0. ], [
       -625., -875., 0. ], [ -875., -875., 0. ] ] }
   - { id:29, corners:[ [ -375., -625., 0. ], [ -125., -625., 0. ], [
       -125., -875., 0. ], [ -375., -875., 0. ] ] }
   - { id:210, corners:[ [ 125., -625., 0. ], [ 375., -625., 0. ], [
       375., -875., 0. ], [ 125., -875., 0. ] ] }
   - { id:180, corners:[ [ 625., -625., 0. ], [ 875., -625., 0. ], [
       875., -875., 0. ], [ 625., -875., 0. ] ] }
   - { id:126, corners:[ [ -1125., -375., 0. ], [ -875., -375., 0. ], [
       -875., -625., 0. ], [ -1125., -625., 0. ] ] }
   - { id:22, corners:[ [ -625., -375., 0. ], [ -375., -375., 0. ], [
       -375., -625., 0. ], [ -625., -625., 0. ] ] }
   - { id:236, corners:[ [ -125., -375., 0. ], [ 125., -375., 0. ], [
       125., -625., 0. ], [ -125., -625., 0. ] ] }
   - { id:89, corners:[ [ 375., -375., 0. ], [ 625., -375., 0. ], [ 625.,
       -625., 0. ], [ 375., -625., 0. ] ] }
   - { id:192, corners:[ [ 875., -375., 0. ], [ 1125., -375., 0. ], [
       1125., -625., 0. ], [ 875., -625., 0. ] ] }
   - { id:80, corners:[ [ -875., -125., 0. ], [ -625., -125., 0. ], [
       -625., -375., 0. ], [ -875., -375., 0. ] ] }
   - { id:241, corners:[ [ -375., -125., 0. ], [ -125., -125., 0. ], [
       -125., -375., 0. ], [ -375., -375., 0. ] ] }
   - { id:222, corners:[ [ 125., -125., 0. ], [ 375., -125., 0. ], [
       375., -375., 0. ], [ 125., -375., 0. ] ] }
   - { id:57, corners:[ [ 625., -125., 0. ], [ 875., -125., 0. ], [ 875.,
       -375., 0. ], [ 625., -375., 0. ] ] }
   - { id:134, corners:[ [ -1125., 125., 0. ], [ -875., 125., 0. ], [
       -875., -125., 0. ], [ -1125., -125., 0. ] ] }
   - { id:74, corners:[ [ -625., 125., 0. ], [ -375., 125., 0. ], [
       -375., -125., 0. ], [ -625., -125., 0. ] ] }
   - { id:197, corners:[ [ -125., 125., 0. ], [ 125., 125., 0. ], [ 125.,
       -125., 0. ], [ -125., -125., 0. ] ] }
   - { id:215, corners:[ [ 375., 125., 0. ], [ 625., 125., 0. ], [ 625.,
       -125., 0. ], [ 375., -125., 0. ] ] }
   - { id:220, corners:[ [ 875., 125., 0. ], [ 1125., 125., 0. ], [
       1125., -125., 0. ], [ 875., -125., 0. ] ] }
   - { id:97, corners:[ [ -875., 375., 0. ], [ -625., 375., 0. ], [
       -625., 125., 0. ], [ -875., 125., 0. ] ] }
   - { id:202, corners:[ [ -375., 375., 0. ], [ -125., 375., 0. ], [
       -125., 125., 0. ], [ -375., 125., 0. ] ] }
   - { id:149, corners:[ [ 125., 375., 0. ], [ 375., 375., 0. ], [ 375.,
       125., 0. ], [ 125., 125., 0. ] ] }
   - { id:3, corners:[ [ 625., 375., 0. ], [ 875., 375., 0. ], [ 875.,
       125., 0. ], [ 625., 125., 0. ] ] }
   - { id:232, corners:[ [ -1125., 625., 0. ], [ -875., 625., 0. ], [
       -875., 375., 0. ], [ -1125., 375., 0. ] ] }
   - { id:106, corners:[ [ -625., 625., 0. ], [ -375., 625., 0. ], [
       -375., 375., 0. ], [ -625., 375., 0. ] ] }
   - { id:59, corners:[ [ -125., 625., 0. ], [ 125., 625., 0. ], [ 125.,
       375., 0. ], [ -125., 375., 0. ] ] }
   - { id:1, corners:[ [ 375., 625., 0. ], [ 625., 625., 0. ], [ 625.,
       375., 0. ], [ 375., 375., 0. ] ] }
   - { id:182, corners:[ [ 875., 625., 0. ], [ 1125., 625., 0. ], [
       1125., 375., 0. ], [ 875., 375., 0. ] ] }
   - { id:18, corners:[ [ -875., 875., 0. ], [ -625., 875., 0. ], [
       -625., 625., 0. ], [ -875., 625., 0. ] ] }
   - { id:188, corners:[ [ -375., 875., 0. ], [ -125., 875., 0. ], [
       -125., 625., 0. ], [ -375., 625., 0. ] ] }
   - { id:103, corners:[ [ 125., 875., 0. ], [ 375., 875., 0. ], [ 375.,
       625., 0. ], [ 125., 625., 0. ] ] }
   - { id:73, corners:[ [ 625., 875., 0. ], [ 875., 875., 0. ], [ 875.,
       625., 0. ], [ 625., 625., 0. ] ] }
   - { id:99, corners:[ [ -1125., 1125., 0. ], [ -875., 1125., 0. ], [
       -875., 875., 0. ], [ -1125., 875., 0. ] ] }
   - { id:124, corners:[ [ -625., 1125., 0. ], [ -375., 1125., 0. ], [
       -375., 875., 0. ], [ -625., 875., 0. ] ] }
   - { id:223, corners:[ [ -125., 1125., 0. ], [ 125., 1125., 0. ], [
       125., 875., 0. ], [ -125., 875., 0. ] ] }
   - { id:145, corners:[ [ 375., 1125., 0. ], [ 625., 1125., 0. ], [
       625., 875., 0. ], [ 375., 875., 0. ] ] }
   - { id:230, corners:[ [ 875., 1125., 0. ], [ 1125., 1125., 0. ], [
       1125., 875., 0. ], [ 875., 875., 0. ] ] }
