<?xml version="1.0"?>
<opencv_storage>
<D0 type_id="opencv-matrix">
  <rows>4</rows>
  <cols>1</cols>
  <dt>f</dt>
  <data>
    5.52931428e-02 -1.83384642e-01 -1.35713653e-03 1.00537557e-02</data></D0>
</opencv_storage>
