<?xml version="1.0"?>
<opencv_storage>
<F type_id="opencv-matrix">
  <rows>3</rows>
  <cols>3</cols>
  <dt>d</dt>
  <data>
    -2.4053040053983008e-06 9.5967409039575290e+06
    3.6446267338788956e+10 -9.5967409039485082e+06
    2.2758436791893568e-06 1.3046752268701591e+10
    -3.6446267338790024e+10 -1.3046752268706505e+10 1.</data></F>
</opencv_storage>
