<?xml version="1.0"?>
<opencv_storage>
<K1 type_id="opencv-matrix">
  <rows>3</rows>
  <cols>3</cols>
  <dt>f</dt>
  <data>
    5.33568542e+02 0. 3.34419067e+02 0. 5.31262146e+02 2.40668488e+02 0.
    0. 1.</data></K1>
</opencv_storage>
