<?xml version="1.0"?>
<opencv_storage>
<T type_id="opencv-matrix">
  <rows>3</rows>
  <cols>1</cols>
  <dt>d</dt>
  <data>
    -2.0466946232187235e-11 8.0982475855235918e-11
    -1.0653341783550447e-11</data></T>
</opencv_storage>
