%YAML:1.0
aruco_bc_dict: ARUCO_MIP_36h12
aruco_bc_nmarkers: 41
aruco_bc_mInfoType: 0
aruco_bc_markers:
   - { id:3, corners:[ [ -2250., -1750., 0. ], [ -1750., -1750., 0. ], [
       -1750., -2250., 0. ], [ -2250., -2250., 0. ] ] }
   - { id:191, corners:[ [ -1250., -1750., 0. ], [ -750., -1750., 0. ],
       [ -750., -2250., 0. ], [ -1250., -2250., 0. ] ] }
   - { id:236, corners:[ [ -250., -1750., 0. ], [ 250., -1750., 0. ], [
       250., -2250., 0. ], [ -250., -2250., 0. ] ] }
   - { id:165, corners:[ [ 750., -1750., 0. ], [ 1250., -1750., 0. ], [
       1250., -2250., 0. ], [ 750., -2250., 0. ] ] }
   - { id:205, corners:[ [ 1750., -1750., 0. ], [ 2250., -1750., 0. ], [
       2250., -2250., 0. ], [ 1750., -2250., 0. ] ] }
   - { id:72, corners:[ [ -1750., -1250., 0. ], [ -1250., -1250., 0. ],
       [ -1250., -1750., 0. ], [ -1750., -1750., 0. ] ] }
   - { id:31, corners:[ [ -750., -1250., 0. ], [ -250., -1250., 0. ], [
       -250., -1750., 0. ], [ -750., -1750., 0. ] ] }
   - { id:218, corners:[ [ 250., -1250., 0. ], [ 750., -1250., 0. ], [
       750., -1750., 0. ], [ 250., -1750., 0. ] ] }
   - { id:55, corners:[ [ 1250., -1250., 0. ], [ 1750., -1250., 0. ], [
       1750., -1750., 0. ], [ 1250., -1750., 0. ] ] }
   - { id:138, corners:[ [ -2250., -750., 0. ], [ -1750., -750., 0. ], [
       -1750., -1250., 0. ], [ -2250., -1250., 0. ] ] }
   - { id:94, corners:[ [ -1250., -750., 0. ], [ -750., -750., 0. ], [
       -750., -1250., 0. ], [ -1250., -1250., 0. ] ] }
   - { id:10, corners:[ [ -250., -750., 0. ], [ 250., -750., 0. ], [
       250., -1250., 0. ], [ -250., -1250., 0. ] ] }
   - { id:202, corners:[ [ 750., -750., 0. ], [ 1250., -750., 0. ], [
       1250., -1250., 0. ], [ 750., -1250., 0. ] ] }
   - { id:139, corners:[ [ 1750., -750., 0. ], [ 2250., -750., 0. ], [
       2250., -1250., 0. ], [ 1750., -1250., 0. ] ] }
   - { id:184, corners:[ [ -1750., -250., 0. ], [ -1250., -250., 0. ], [
       -1250., -750., 0. ], [ -1750., -750., 0. ] ] }
   - { id:199, corners:[ [ -750., -250., 0. ], [ -250., -250., 0. ], [
       -250., -750., 0. ], [ -750., -750., 0. ] ] }
   - { id:52, corners:[ [ 250., -250., 0. ], [ 750., -250., 0. ], [ 750.,
       -750., 0. ], [ 250., -750., 0. ] ] }
   - { id:189, corners:[ [ 1250., -250., 0. ], [ 1750., -250., 0. ], [
       1750., -750., 0. ], [ 1250., -750., 0. ] ] }
   - { id:22, corners:[ [ -2250., 250., 0. ], [ -1750., 250., 0. ], [
       -1750., -250., 0. ], [ -2250., -250., 0. ] ] }
   - { id:223, corners:[ [ -1250., 250., 0. ], [ -750., 250., 0. ], [
       -750., -250., 0. ], [ -1250., -250., 0. ] ] }
   - { id:239, corners:[ [ -250., 250., 0. ], [ 250., 250., 0. ], [ 250.,
       -250., 0. ], [ -250., -250., 0. ] ] }
   - { id:220, corners:[ [ 750., 250., 0. ], [ 1250., 250., 0. ], [
       1250., -250., 0. ], [ 750., -250., 0. ] ] }
   - { id:245, corners:[ [ 1750., 250., 0. ], [ 2250., 250., 0. ], [
       2250., -250., 0. ], [ 1750., -250., 0. ] ] }
   - { id:19, corners:[ [ -1750., 750., 0. ], [ -1250., 750., 0. ], [
       -1250., 250., 0. ], [ -1750., 250., 0. ] ] }
   - { id:68, corners:[ [ -750., 750., 0. ], [ -250., 750., 0. ], [
       -250., 250., 0. ], [ -750., 250., 0. ] ] }
   - { id:36, corners:[ [ 250., 750., 0. ], [ 750., 750., 0. ], [ 750.,
       250., 0. ], [ 250., 250., 0. ] ] }
   - { id:133, corners:[ [ 1250., 750., 0. ], [ 1750., 750., 0. ], [
       1750., 250., 0. ], [ 1250., 250., 0. ] ] }
   - { id:121, corners:[ [ -2250., 1250., 0. ], [ -1750., 1250., 0. ], [
       -1750., 750., 0. ], [ -2250., 750., 0. ] ] }
   - { id:147, corners:[ [ -1250., 1250., 0. ], [ -750., 1250., 0. ], [
       -750., 750., 0. ], [ -1250., 750., 0. ] ] }
   - { id:176, corners:[ [ -250., 1250., 0. ], [ 250., 1250., 0. ], [
       250., 750., 0. ], [ -250., 750., 0. ] ] }
   - { id:0, corners:[ [ 750., 1250., 0. ], [ 1250., 1250., 0. ], [
       1250., 750., 0. ], [ 750., 750., 0. ] ] }
   - { id:65, corners:[ [ 1750., 1250., 0. ], [ 2250., 1250., 0. ], [
       2250., 750., 0. ], [ 1750., 750., 0. ] ] }
   - { id:30, corners:[ [ -1750., 1750., 0. ], [ -1250., 1750., 0. ], [
       -1250., 1250., 0. ], [ -1750., 1250., 0. ] ] }
   - { id:231, corners:[ [ -750., 1750., 0. ], [ -250., 1750., 0. ], [
       -250., 1250., 0. ], [ -750., 1250., 0. ] ] }
   - { id:162, corners:[ [ 250., 1750., 0. ], [ 750., 1750., 0. ], [
       750., 1250., 0. ], [ 250., 1250., 0. ] ] }
   - { id:64, corners:[ [ 1250., 1750., 0. ], [ 1750., 1750., 0. ], [
       1750., 1250., 0. ], [ 1250., 1250., 0. ] ] }
   - { id:168, corners:[ [ -2250., 2250., 0. ], [ -1750., 2250., 0. ], [
       -1750., 1750., 0. ], [ -2250., 1750., 0. ] ] }
   - { id:89, corners:[ [ -1250., 2250., 0. ], [ -750., 2250., 0. ], [
       -750., 1750., 0. ], [ -1250., 1750., 0. ] ] }
   - { id:234, corners:[ [ -250., 2250., 0. ], [ 250., 2250., 0. ], [
       250., 1750., 0. ], [ -250., 1750., 0. ] ] }
   - { id:235, corners:[ [ 750., 2250., 0. ], [ 1250., 2250., 0. ], [
       1250., 1750., 0. ], [ 750., 1750., 0. ] ] }
   - { id:244, corners:[ [ 1750., 2250., 0. ], [ 2250., 2250., 0. ], [
       2250., 1750., 0. ], [ 1750., 1750., 0. ] ] }
