%YAML:1.0
Rotation_Matrix: !!opencv-matrix
   rows: 3
   cols: 3
   dt: d
   data: [ 9.9223824187542875e-01, -3.5243496352929421e-02,
       1.1925253592598890e-01, 3.6011740961021332e-02,
       9.9934214723990811e-01, -4.2926987881961656e-03,
       -1.1902279560199601e-01, 8.5538713312121456e-03,
       9.9285467487056456e-01 ]
Translation_Vector: !!opencv-matrix
   rows: 3
   cols: 1
   dt: d
   data: [ -4.9211237605940408e+00, 2.2844554228772876e-01,
       1.0194231914981956e-01 ]
Essential_Matrix: !!opencv-matrix
   rows: 3
   cols: 3
   dt: d
   data: [ -3.0861347476088541e-02, -9.9921162338878475e-02,
       2.2725083228359308e-01, -4.8457483996338957e-01,
       3.8501855699926431e-02, 4.8981176113991989e+00,
       -4.0389063734749464e-01, -4.9098351661089197e+00,
       -6.1178082351339945e-03 ]
Fundamental_Matrix: !!opencv-matrix
   rows: 3
   cols: 3
   dt: d
   data: [ 3.3015129212154457e-07, 1.0686238826931612e-06,
       -5.7841519856799816e-03, 5.1823681271931326e-06,
       -4.1164073256559112e-07, -1.0135204454237833e-01,
       3.0671274012168178e-03, 9.9018442276976051e-02, 1. ]
Rectification_Transformation_1: !!opencv-matrix
   rows: 3
   cols: 3
   dt: d
   data: [ 9.9175156215678084e-01, -8.1706072343894084e-02,
       9.8757058996911007e-02, 8.1869209952132371e-02,
       9.9664017692393692e-01, 2.4062840309701360e-03,
       -9.8621860768283456e-02, 5.6987264505657109e-03,
       9.9510866396361097e-01 ]
Rectification_Transformation_2: !!opencv-matrix
   rows: 3
   cols: 3
   dt: d
   data: [ 9.9871046380029238e-01, -4.6361555732090040e-02,
       -2.0688538998803824e-02, 4.6395631978883904e-02,
       9.9892245776166477e-01, 1.1699199439094009e-03,
       2.0612006915501524e-02, -2.1282691313602321e-03,
       9.9978528476939477e-01 ]
Projection_Matrix_1: !!opencv-matrix
   rows: 3
   cols: 4
   dt: d
   data: [ 1.4136687630328565e+03, 0., 4.5852056121826172e+02, 0., 0.,
       1.4136687630328565e+03, 9.4697882843017578e+02, 0., 0., 0., 1.,
       0. ]
Projection_Matrix_2: !!opencv-matrix
   rows: 3
   cols: 4
   dt: d
   data: [ 1.4136687630328565e+03, 0., 4.5852056121826172e+02,
       -6.9658216185083475e+03, 0., 1.4136687630328565e+03,
       9.4697882843017578e+02, 0., 0., 0., 1., 0. ]
Disparity-to-depth_Mapping_Matrix: !!opencv-matrix
   rows: 4
   cols: 4
   dt: d
   data: [ 1., 0., 0., -4.5852056121826172e+02, 0., 1., 0.,
       -9.4697882843017578e+02, 0., 0., 0., 1.4136687630328565e+03, 0.,
       0., 2.0294357800904725e-01, 0. ]
