%YAML:1.0
calibration_Time: "Wed Jul 19 12:21:21 2017"
calibration_pattern: CHESSBOARD
Rotation_Matrix: !!opencv-matrix
   rows: 3
   cols: 3
   dt: d
   data: [ 9.9452436917569209e-01, -2.8877041408134803e-02,
       1.0043602737665641e-01, 2.8798380045936940e-02,
       9.9958274583700968e-01, 2.2332782347510081e-03,
       -1.0045861049418009e-01, 6.7134525908753946e-04,
       9.9494101175553196e-01 ]
Translation_Vector: !!opencv-matrix
   rows: 3
   cols: 1
   dt: d
   data: [ -5.0679471354609443e-02, -1.9819958090313908e-03,
       1.2699800541047494e-02 ]
Essential_Matrix: !!opencv-matrix
   rows: 3
   cols: 3
   dt: d
   data: [ -1.6662513750809950e-04, -1.2695832099892519e-02,
       -2.0003311036669168e-03, 7.5390718488787039e-03,
       -3.3270924327190147e-04, 5.1698602019609338e-02,
       5.1165645508859190e-04, -5.0715559309256732e-02,
       8.5882425011358588e-05 ]
Fundamental_Matrix: !!opencv-matrix
   rows: 3
   cols: 3
   dt: d
   data: [ 8.5145902496304836e-08, 6.5363525102577798e-06,
       -4.2267615128561281e-03, -3.8802838551524205e-06,
       1.7252877727278641e-07, -4.7314310213375413e-02,
       3.0672482411466724e-03, 4.5080160080309670e-02, 1. ]
Rectification_Transformation_1: !!opencv-matrix
   rows: 3
   cols: 3
   dt: d
   data: [ 9.8949584474268604e-01, 9.7385273928132544e-03,
       -1.4423291691280990e-01, -9.5662144542358642e-03,
       9.9995246006446681e-01, 1.8881610196487236e-03,
       1.4424444799705000e-01, -4.8856446859960609e-04,
       9.8954196501552494e-01 ]
Rectification_Transformation_2: !!opencv-matrix
   rows: 3
   cols: 3
   dt: d
   data: [ 9.6931032974424269e-01, 3.7908229108415674e-02,
       -2.4290008402009944e-01, -3.8199862599084408e-02,
       9.9926395104716759e-01, 3.5109307903856439e-03,
       2.4285439083639926e-01, 5.8755683527359284e-03,
       9.7004495903438093e-01 ]
Projection_Matrix_1: !!opencv-matrix
   rows: 3
   cols: 4
   dt: d
   data: [ 9.0711123154679785e+02, 0., 9.4243837618827820e+02, 0., 0.,
       9.0711123154679785e+02, 8.9925336456298828e+02, 0., 0., 0., 1.,
       0. ]
Projection_Matrix_2: !!opencv-matrix
   rows: 3
   cols: 4
   dt: d
   data: [ 9.0711123154679785e+02, 0., 9.4243837618827820e+02,
       -4.7427450491268736e+01, 0., 9.0711123154679785e+02,
       8.9925336456298828e+02, 0., 0., 0., 1., 0. ]
Disparity-to-depth_Mapping_Matrix: !!opencv-matrix
   rows: 4
   cols: 4
   dt: d
   data: [ 1., 0., 0., -9.4243837618827820e+02, 0., 1., 0.,
       -8.9925336456298828e+02, 0., 0., 0., 9.0711123154679785e+02, 0.,
       0., 1.9126291254340032e+01, 0. ]
