%YAML:1.0
aruco_bc_dict: ARUCO_MIP_36h12
aruco_bc_nmarkers: 49
aruco_bc_mInfoType: 0
aruco_bc_markers:
   - { id:161, corners:[ [ -1750., -1250., 0. ], [ -1250., -1250., 0. ],
       [ -1250., -1750., 0. ], [ -1750., -1750., 0. ] ] }
   - { id:227, corners:[ [ -1150., -1250., 0. ], [ -650., -1250., 0. ],
       [ -650., -1750., 0. ], [ -1150., -1750., 0. ] ] }
   - { id:85, corners:[ [ -550., -1250., 0. ], [ -50., -1250., 0. ], [
       -50., -1750., 0. ], [ -550., -1750., 0. ] ] }
   - { id:166, corners:[ [ 50., -1250., 0. ], [ 550., -1250., 0. ], [
       550., -1750., 0. ], [ 50., -1750., 0. ] ] }
   - { id:244, corners:[ [ 650., -1250., 0. ], [ 1150., -1250., 0. ], [
       1150., -1750., 0. ], [ 650., -1750., 0. ] ] }
   - { id:144, corners:[ [ 1250., -1250., 0. ], [ 1750., -1250., 0. ], [
       1750., -1750., 0. ], [ 1250., -1750., 0. ] ] }
   - { id:90, corners:[ [ 1850., -1250., 0. ], [ 2350., -1250., 0. ], [
       2350., -1750., 0. ], [ 1850., -1750., 0. ] ] }
   - { id:214, corners:[ [ -1750., -650., 0. ], [ -1250., -650., 0. ], [
       -1250., -1150., 0. ], [ -1750., -1150., 0. ] ] }
   - { id:153, corners:[ [ -1150., -650., 0. ], [ -650., -650., 0. ], [
       -650., -1150., 0. ], [ -1150., -1150., 0. ] ] }
   - { id:7, corners:[ [ -550., -650., 0. ], [ -50., -650., 0. ], [ -50.,
       -1150., 0. ], [ -550., -1150., 0. ] ] }
   - { id:143, corners:[ [ 50., -650., 0. ], [ 550., -650., 0. ], [ 550.,
       -1150., 0. ], [ 50., -1150., 0. ] ] }
   - { id:219, corners:[ [ 650., -650., 0. ], [ 1150., -650., 0. ], [
       1150., -1150., 0. ], [ 650., -1150., 0. ] ] }
   - { id:78, corners:[ [ 1250., -650., 0. ], [ 1750., -650., 0. ], [
       1750., -1150., 0. ], [ 1250., -1150., 0. ] ] }
   - { id:159, corners:[ [ 1850., -650., 0. ], [ 2350., -650., 0. ], [
       2350., -1150., 0. ], [ 1850., -1150., 0. ] ] }
   - { id:209, corners:[ [ -1750., -50., 0. ], [ -1250., -50., 0. ], [
       -1250., -550., 0. ], [ -1750., -550., 0. ] ] }
   - { id:13, corners:[ [ -1150., -50., 0. ], [ -650., -50., 0. ], [
       -650., -550., 0. ], [ -1150., -550., 0. ] ] }
   - { id:247, corners:[ [ -550., -50., 0. ], [ -50., -50., 0. ], [ -50.,
       -550., 0. ], [ -550., -550., 0. ] ] }
   - { id:237, corners:[ [ 50., -50., 0. ], [ 550., -50., 0. ], [ 550.,
       -550., 0. ], [ 50., -550., 0. ] ] }
   - { id:100, corners:[ [ 650., -50., 0. ], [ 1150., -50., 0. ], [
       1150., -550., 0. ], [ 650., -550., 0. ] ] }
   - { id:6, corners:[ [ 1250., -50., 0. ], [ 1750., -50., 0. ], [ 1750.,
       -550., 0. ], [ 1250., -550., 0. ] ] }
   - { id:177, corners:[ [ 1850., -50., 0. ], [ 2350., -50., 0. ], [
       2350., -550., 0. ], [ 1850., -550., 0. ] ] }
   - { id:93, corners:[ [ -1750., 550., 0. ], [ -1250., 550., 0. ], [
       -1250., 50., 0. ], [ -1750., 50., 0. ] ] }
   - { id:86, corners:[ [ -1150., 550., 0. ], [ -650., 550., 0. ], [
       -650., 50., 0. ], [ -1150., 50., 0. ] ] }
   - { id:229, corners:[ [ -550., 550., 0. ], [ -50., 550., 0. ], [ -50.,
       50., 0. ], [ -550., 50., 0. ] ] }
   - { id:226, corners:[ [ 50., 550., 0. ], [ 550., 550., 0. ], [ 550.,
       50., 0. ], [ 50., 50., 0. ] ] }
   - { id:12, corners:[ [ 650., 550., 0. ], [ 1150., 550., 0. ], [ 1150.,
       50., 0. ], [ 650., 50., 0. ] ] }
   - { id:198, corners:[ [ 1250., 550., 0. ], [ 1750., 550., 0. ], [
       1750., 50., 0. ], [ 1250., 50., 0. ] ] }
   - { id:115, corners:[ [ 1850., 550., 0. ], [ 2350., 550., 0. ], [
       2350., 50., 0. ], [ 1850., 50., 0. ] ] }
   - { id:171, corners:[ [ -1750., 1150., 0. ], [ -1250., 1150., 0. ], [
       -1250., 650., 0. ], [ -1750., 650., 0. ] ] }
   - { id:168, corners:[ [ -1150., 1150., 0. ], [ -650., 1150., 0. ], [
       -650., 650., 0. ], [ -1150., 650., 0. ] ] }
   - { id:11, corners:[ [ -550., 1150., 0. ], [ -50., 1150., 0. ], [
       -50., 650., 0. ], [ -550., 650., 0. ] ] }
   - { id:249, corners:[ [ 50., 1150., 0. ], [ 550., 1150., 0. ], [ 550.,
       650., 0. ], [ 50., 650., 0. ] ] }
   - { id:110, corners:[ [ 650., 1150., 0. ], [ 1150., 1150., 0. ], [
       1150., 650., 0. ], [ 650., 650., 0. ] ] }
   - { id:132, corners:[ [ 1250., 1150., 0. ], [ 1750., 1150., 0. ], [
       1750., 650., 0. ], [ 1250., 650., 0. ] ] }
   - { id:154, corners:[ [ 1850., 1150., 0. ], [ 2350., 1150., 0. ], [
       2350., 650., 0. ], [ 1850., 650., 0. ] ] }
   - { id:77, corners:[ [ -1750., 1750., 0. ], [ -1250., 1750., 0. ], [
       -1250., 1250., 0. ], [ -1750., 1250., 0. ] ] }
   - { id:83, corners:[ [ -1150., 1750., 0. ], [ -650., 1750., 0. ], [
       -650., 1250., 0. ], [ -1150., 1250., 0. ] ] }
   - { id:129, corners:[ [ -550., 1750., 0. ], [ -50., 1750., 0. ], [
       -50., 1250., 0. ], [ -550., 1250., 0. ] ] }
   - { id:120, corners:[ [ 50., 1750., 0. ], [ 550., 1750., 0. ], [ 550.,
       1250., 0. ], [ 50., 1250., 0. ] ] }
   - { id:87, corners:[ [ 650., 1750., 0. ], [ 1150., 1750., 0. ], [
       1150., 1250., 0. ], [ 650., 1250., 0. ] ] }
   - { id:201, corners:[ [ 1250., 1750., 0. ], [ 1750., 1750., 0. ], [
       1750., 1250., 0. ], [ 1250., 1250., 0. ] ] }
   - { id:245, corners:[ [ 1850., 1750., 0. ], [ 2350., 1750., 0. ], [
       2350., 1250., 0. ], [ 1850., 1250., 0. ] ] }
   - { id:19, corners:[ [ -1750., 2350., 0. ], [ -1250., 2350., 0. ], [
       -1250., 1850., 0. ], [ -1750., 1850., 0. ] ] }
   - { id:23, corners:[ [ -1150., 2350., 0. ], [ -650., 2350., 0. ], [
       -650., 1850., 0. ], [ -1150., 1850., 0. ] ] }
   - { id:178, corners:[ [ -550., 2350., 0. ], [ -50., 2350., 0. ], [
       -50., 1850., 0. ], [ -550., 1850., 0. ] ] }
   - { id:217, corners:[ [ 50., 2350., 0. ], [ 550., 2350., 0. ], [ 550.,
       1850., 0. ], [ 50., 1850., 0. ] ] }
   - { id:130, corners:[ [ 650., 2350., 0. ], [ 1150., 2350., 0. ], [
       1150., 1850., 0. ], [ 650., 1850., 0. ] ] }
   - { id:230, corners:[ [ 1250., 2350., 0. ], [ 1750., 2350., 0. ], [
       1750., 1850., 0. ], [ 1250., 1850., 0. ] ] }
   - { id:145, corners:[ [ 1850., 2350., 0. ], [ 2350., 2350., 0. ], [
       2350., 1850., 0. ], [ 1850., 1850., 0. ] ] }
