%YAML:1.0
calibration_time: "Thu Jul 13 12:14:11 2017"
image_width: 640
image_height: 480
board_width: 17
board_height: 12
square_size: 2.5000000372529030e-02
flags: 0
camera_matrix: !!opencv-matrix
   rows: 3
   cols: 3
   dt: d
   data: [ 3.3769417486724144e+01, 0., 3.1939639735607398e+02, 0.,
       2.3519239270388656e+01, 2.4185904356745999e+02, 0., 0., 1. ]
distortion_coefficients: !!opencv-matrix
   rows: 5
   cols: 1
   dt: d
   data: [ -1.3468760406983695e-03, 1.2594770506109347e-07,
       -3.9264965277822214e-03, 3.3840635093960268e-03, 0. ]
avg_reprojection_error: 1.0616368307910371e+02
per_view_reprojection_errors: !!opencv-matrix
   rows: 6
   cols: 1
   dt: f
   data: [ 6.67214050e+01, 8.84431915e+01, 8.94237137e+01,
       8.64109650e+01, 1.38558121e+02, 1.39975357e+02 ]
# a set of 6-tuples (rotation vector + translation vector) for each view
extrinsic_parameters: !!opencv-matrix
   rows: 6
   cols: 6
   dt: d
   data: [ -2.2261911610171015e-01, 7.5522026999884595e-01,
       2.8400028310325145e+00, 1.7625472716000548e+01,
       1.3875056366559750e+01, -2.3049675898600217e+00,
       -4.6121851832120853e-01, -1.3787907785664164e-01,
       -5.1743214232384815e-01, -1.9010817852467515e+01,
       -9.9855059390645948e+00, 1.0594413229799755e+00,
       -3.5678185841449805e-01, -4.2686966315884251e-01,
       1.8838343789276666e+00, 1.9159629402456559e+01,
       -1.3159198922801099e+01, 6.0393041873420632e+00,
       -1.4193147187279669e+00, -1.1872826488145163e+00,
       1.1535309751130256e+00, 6.3031446506523663e+00,
       -2.4485725550172823e+01, 1.3085541302318006e+01,
       -4.3756327075508533e-01, 1.9197670760779293e+00,
       1.9988935278709328e+00, 1.1747506244730262e+01,
       1.0090160608652450e-01, 2.0039512659383124e-01,
       6.7175920057892313e-01, -1.0892565911342278e+00,
       -1.0238842670928108e+00, -3.3920097668026714e+00,
       8.5726303851902195e+00, -8.8391050314549435e+00 ]
