%YAML:1.0
calibration_time: "Tue Jul 11 17:06:09 2017"
image_width: 1632
image_height: 1224
board_width: 17
board_height: 12
square_size: 2.5000000372529030e-02
# flags: +use_intrinsic_guess
flags: 1
camera_matrix: !!opencv-matrix
   rows: 3
   cols: 3
   dt: d
   data: [ 1.4625302873943187e+03, 0., 5.9014814180185158e+02, 0.,
       1.5788139623073509e+03, 8.4203279774272266e+02, 0., 0., 1. ]
distortion_coefficients: !!opencv-matrix
   rows: 5
   cols: 1
   dt: d
   data: [ -4.6755341317231813e-01, 5.8912203361713866e-01,
       -7.3808553918792812e-03, -4.6190588006307758e-03, 0. ]
avg_reprojection_error: 1.5662377648764989e+00
per_view_reprojection_errors: !!opencv-matrix
   rows: 20
   cols: 1
   dt: f
   data: [ 1.04630947e+00, 2.98069692e+00, 2.70268703e+00,
       1.09924459e+00, 8.88487220e-01, 2.17598462e+00, 1.22791207e+00,
       8.24577987e-01, 3.70659161e+00, 3.75037819e-01, 1.51739940e-01,
       7.29719758e-01, 1.49758294e-01, 9.60855126e-01, 1.09924459e+00,
       8.88487220e-01, 2.17598462e+00, 1.19163167e+00, 9.69958007e-01,
       2.30755711e+00 ]
# a set of 6-tuples (rotation vector + translation vector) for each view
extrinsic_parameters: !!opencv-matrix
   rows: 20
   cols: 6
   dt: d
   data: [ -1.4452622241674560e+00, 1.3655743834906986e+00,
       6.1820113275790356e-01, 1.9256059567581962e+00,
       -2.8396790786738734e+01, 7.2732740217551836e+01,
       -1.4533566631101544e+00, 1.4220836332946121e+00,
       5.6321351321039848e-01, 2.0905136933040702e+00,
       -2.7634467581364106e+01, 6.9312887751439007e+01,
       -1.4364333564783012e+00, 1.3095495335336007e+00,
       2.7077828741026866e-01, -3.5694667182120154e-01,
       -2.6473039606870213e+01, 6.9313942372393100e+01,
       -1.5911630436679225e+00, 1.6362781862498215e+00,
       8.0745283167019122e-01, 1.4727027075786816e+01,
       -9.4946720834533398e+00, 6.3157046676324953e+01,
       -1.6801933308751302e+00, 1.7626944798144759e+00,
       6.9899360908605146e-01, 1.4690922446159764e+01,
       -9.4501485038174025e+00, 6.2676418022083816e+01,
       -1.6287380739805413e+00, 1.6767916224644086e+00,
       7.0631273768273550e-01, 1.5726012486994930e+01,
       -1.0129041642438478e+01, 6.7102978361272349e+01,
       -1.5335132678249228e+00, 1.5465002007016544e+00,
       8.7613559554233078e-01, 1.4563678991045457e+01,
       -1.2058259287372410e+01, 6.2004100721099853e+01,
       -1.6220682664111863e+00, 1.6871659199020221e+00,
       7.8662274642817998e-01, 1.4597618945684182e+01,
       -1.2087820225843107e+01, 6.2159816084887780e+01,
       -1.5790272693220899e+00, 1.5655372235648068e+00,
       8.2128703053014640e-01, 1.5763596513342245e+01,
       -1.3085712947798351e+01, 6.6363392452494097e+01,
       -1.4577428851961687e+00, 1.3867410491310479e+00,
       7.5825195127446932e-01, -2.5550968172006976e+00,
       -3.6380322021146299e+01, 9.5792045328293938e+01,
       -5.9796306821735323e-01, -5.6222857363602143e-02,
       -1.3557359447744217e+00, -3.6815710906130059e+00,
       -3.0133685835384288e+01, 7.8143612881130878e+01,
       -1.4035475104293644e+00, 1.2983209392430095e+00,
       8.1034668217810879e-01, -2.4792660674311229e+00,
       -3.8542275512492679e+01, 9.3899752379034609e+01,
       -3.5792998484249322e-01, 6.2707738249093514e-01,
       1.5712100527080133e+00, -1.9898493037681153e+00,
       -3.4171273152068053e+01, 7.7962769415394078e+01,
       -1.4287597267513301e+00, 1.2905867966452222e+00,
       6.6033171624368325e-01, -3.3346714298599998e+00,
       -4.0295564647879949e+01, 9.8141799114214606e+01,
       -1.5911630436679232e+00, 1.6362781862498219e+00,
       8.0745283167019144e-01, 1.4727027075786818e+01,
       -9.4946720834533398e+00, 6.3157046676324960e+01,
       -1.6801933308751298e+00, 1.7626944798144759e+00,
       6.9899360908605146e-01, 1.4690922446159762e+01,
       -9.4501485038174025e+00, 6.2676418022083809e+01,
       -1.6287380739805415e+00, 1.6767916224644097e+00,
       7.0631273768273684e-01, 1.5726012486994955e+01,
       -1.0129041642438478e+01, 6.7102978361272363e+01,
       -1.5339108786920803e+00, 1.5468804790842900e+00,
       8.7549626140762293e-01, 1.4588556833732966e+01,
       -1.2100971052270239e+01, 6.2242663499686188e+01,
       -1.6205295296849851e+00, 1.6817756448585339e+00,
       7.8969375632793004e-01, 1.4624037857466005e+01,
       -1.2156519492873171e+01, 6.2366125091230366e+01,
       -1.5698684143874331e+00, 1.5731020538048963e+00,
       8.0326954219970670e-01, 1.5655205538072870e+01,
       -1.3042481296601808e+01, 6.6399213617824259e+01 ]
