%YAML:1.0
calibration_time: "Tue Jul 11 15:59:34 2017"
image_width: 1632
image_height: 1224
board_width: 17
board_height: 12
square_size: 2.5000000372529030e-02
flags: 0
camera_matrix: !!opencv-matrix
   rows: 3
   cols: 3
   dt: d
   data: [ 1.0000000000000022e+00, 0., 3.0691653718897756e-18, 0.,
       1.0000000000000009e+00, 1.9867828568575914e-18, 0., 0., 1. ]
distortion_coefficients: !!opencv-matrix
   rows: 5
   cols: 1
   dt: d
   data: [ 1.6915625358594122e-09, -1.5582547122652024e-15,
       3.6181488238586467e-12, 5.9105325535555544e-12, 0. ]
avg_reprojection_error: 1.6854349452435237e+01
per_view_reprojection_errors: !!opencv-matrix
   rows: 6
   cols: 1
   dt: f
   data: [ 4.73978424e+00, 2.16115265e+01, 1.59000492e+01,
       5.82392740e+00, 2.16618061e+01, 2.31504040e+01 ]
# a set of 6-tuples (rotation vector + translation vector) for each view
extrinsic_parameters: !!opencv-matrix
   rows: 6
   cols: 6
   dt: d
   data: [ -2.1240822119683989e+00, 2.3145841395592068e+00,
       4.1177547691140026e-04, 4.2291328606156462e+01,
       2.8108264627084694e+01, 4.5274411389883286e-02,
       -1.1834977825210291e+00, 1.2255786475608683e+00,
       1.1835605308674459e+00, 4.4883518697225234e+01,
       2.8257609018348266e+01, 4.7729344162919685e-02,
       1.0620352286201236e+00, -1.4164344407580043e+00,
       -1.4152538341607259e+00, 5.4323679817678610e+01,
       3.1635966196293797e+01, 5.6681724707498195e-02,
       -2.1227115768521423e+00, 2.3158551069804676e+00,
       5.6006035815740535e-04, 4.3645116123629947e+01,
       2.6060659774867329e+01, 4.6730775221351682e-02,
       -1.2359354101304363e+00, 1.1919669435242004e+00,
       1.2358694140641238e+00, 4.4933454722156661e+01,
       2.5720483399067998e+01, 4.8239145769656912e-02,
       1.0033325143287839e+00, -1.4872643229843918e+00,
       -1.4861773721191995e+00, 5.4124471415350804e+01,
       2.8543025561274113e+01, 5.6809708330307442e-02 ]
