%YAML:1.0
calibration_Time: "Mon Jul 31 18:38:45 2017"
image_width: 1072
image_height: 1920
calibration_pattern: CHESSBOARD
board_width: 12
board_height: 17
square_size: 2.5000000372529030e-02
calibration_flags: "+fix_k3 +fix_k4 +fix_k5 "
flagValue: 6272
camera_matrix: !!opencv-matrix
   rows: 3
   cols: 3
   dt: d
   data: [ 1.8749037001959305e+03, 0., 5.5229462009864380e+02, 0.,
       1.8740453958813146e+03, 9.4812849933795781e+02, 0., 0., 1. ]
distortion_coefficients: !!opencv-matrix
   rows: 5
   cols: 1
   dt: d
   data: [ 8.3412824495916089e-03, 3.4175058781346052e-01,
       -1.9870109428402475e-04, 3.6266079361690295e-03, 0. ]
avg_reprojection_error: 1.4538411479353403e-01
per_view_reprojection_errors: !!opencv-matrix
   rows: 4
   cols: 1
   dt: f
   data: [ 1.61131725e-01, 1.46814927e-01, 1.46246612e-01,
       1.25060126e-01 ]
