%YAML:1.0
calibration_time: "Thu Jul 13 10:32:49 2017"
image_width: 1072
image_height: 1920
board_width: 17
board_height: 12
square_size: 2.5000000372529030e-02
flags: 0
camera_matrix: !!opencv-matrix
   rows: 3
   cols: 3
   dt: d
   data: [ 1.7366100709438167e+03, 0., 5.3761942445177999e+02, 0.,
       1.7369035549521302e+03, 9.4079894688926652e+02, 0., 0., 1. ]
distortion_coefficients: !!opencv-matrix
   rows: 5
   cols: 1
   dt: d
   data: [ 0., 0., 0., 0., 0. ]
avg_reprojection_error: 2.7150680314716524e-01
per_view_reprojection_errors: !!opencv-matrix
   rows: 10
   cols: 1
   dt: f
   data: [ 1.75061405e-01, 2.66238064e-01, 1.92108884e-01,
       4.36834395e-01, 2.13914365e-01, 2.53721237e-01, 4.26391274e-01,
       2.30998293e-01, 1.78745776e-01, 1.75061405e-01 ]
# a set of 6-tuples (rotation vector + translation vector) for each view
extrinsic_parameters: !!opencv-matrix
   rows: 10
   cols: 6
   dt: d
   data: [ 1.9403826540107368e-02, -9.7741591264509181e-02,
       -8.3968833515207800e-02, -2.3933664232916721e-01,
       -1.0767339949225264e-01, 9.0758606036475908e-01,
       1.7823307684301105e-02, -9.1875599902006916e-02,
       -3.8921702763997326e-02, -2.0094550594050817e-01,
       -1.0995820638143103e-01, 7.7618655717130447e-01,
       -2.2683698562466943e-02, 1.8627465556201536e-01,
       -1.1498312940901233e-01, -2.4496373244656830e-01,
       -1.2057736327510730e-01, 1.1715550781591579e+00,
       2.2578165925104757e-01, -9.4623448715137254e-02,
       6.1358262382463125e-01, -1.7295270624076325e-01,
       -5.0169583980833721e-01, 1.2290621104585744e+00,
       2.1151377820767442e-01, 7.8199690244211903e-02,
       -4.2204384364182675e-02, -1.8959085952840560e-01,
       -7.8805630222868586e-02, 1.4787618097605673e+00,
       2.8106889080614195e-01, -8.8563094624806757e-02,
       -5.7877573207157057e-02, -3.7805235269324983e-01,
       -4.2254109154275538e-01, 1.5409600037979765e+00,
       2.6943501014816890e-01, 3.1677860189716728e-01,
       -2.0841673502735242e-01, -2.2711873108395580e-01,
       -1.8084174733259384e-01, 1.3329049975227276e+00,
       2.4090278145834313e-02, 2.5164970622197524e-01,
       -1.8056246374379653e-01, -1.5033677516103602e-01,
       -1.9897492972249331e-01, 1.2150402410858818e+00,
       -1.5715544705861054e-01, 2.0720212760312834e-01,
       -4.1780855917555765e-01, -2.2259395715068350e-01,
       -7.2020861459026614e-02, 1.4973649315541435e+00,
       1.9403826540107257e-02, -9.7741591264509278e-02,
       -8.3968833515207827e-02, -2.3933664232916721e-01,
       -1.0767339949225264e-01, 9.0758606036475908e-01 ]
