%YAML:1.0
calibration_time: "Thu Jul 13 10:30:50 2017"
image_width: 1072
image_height: 1920
board_width: 17
board_height: 12
square_size: 2.5000000372529030e-02
flags: 0
camera_matrix: !!opencv-matrix
   rows: 3
   cols: 3
   dt: d
   data: [ 1.7395685972139868e+03, 0., 5.4849847353485995e+02, 0.,
       1.7397334902195289e+03, 9.2878858139668466e+02, 0., 0., 1. ]
distortion_coefficients: !!opencv-matrix
   rows: 5
   cols: 1
   dt: d
   data: [ 0., 0., -2.1695615521553188e-03, 2.2583604826135278e-03, 0. ]
avg_reprojection_error: 2.6427639067480091e-01
per_view_reprojection_errors: !!opencv-matrix
   rows: 10
   cols: 1
   dt: f
   data: [ 2.01634035e-01, 2.94152409e-01, 1.91584468e-01,
       3.90805244e-01, 1.95039824e-01, 2.38843396e-01, 3.97913069e-01,
       2.22244680e-01, 1.95791557e-01, 2.01634035e-01 ]
# a set of 6-tuples (rotation vector + translation vector) for each view
extrinsic_parameters: !!opencv-matrix
   rows: 10
   cols: 6
   dt: d
   data: [ 1.4726474357837064e-02, -1.0415018484798580e-01,
       -8.3624990011033712e-02, -2.4504384909592117e-01,
       -1.0131603180949703e-01, 9.0807894504196518e-01,
       1.2811358934453695e-02, -9.8237205245728917e-02,
       -3.8471035560952549e-02, -2.0581977427036238e-01,
       -1.0453480811876228e-01, 7.7673911597547940e-01,
       -2.8903537124092070e-02, 1.8000299327907210e-01,
       -1.1581361651038101e-01, -2.5232172977959361e-01,
       -1.1242884842520601e-01, 1.1726085907899220e+00,
       2.2032872807566065e-01, -9.8723357337933873e-02,
       6.1369365289720990e-01, -1.8101291939918454e-01,
       -4.9277135960402840e-01, 1.2322177147725528e+00,
       2.0456955754661538e-01, 7.1667894560449655e-02,
       -4.1677439042279336e-02, -1.9885469164937181e-01,
       -6.8584128382454479e-02, 1.4805951760611478e+00,
       2.7823428825877877e-01, -9.3869921051060776e-02,
       -5.7305472112286385e-02, -3.8793552098549294e-01,
       -4.1134568453812392e-01, 1.5429097659399922e+00,
       2.6362170359176235e-01, 3.1008134612124272e-01,
       -2.0882599538250426e-01, -2.3550439721541902e-01,
       -1.7155257427686021e-01, 1.3344996275177168e+00,
       1.9283933679475455e-02, 2.4536236080972040e-01,
       -1.8142200813303122e-01, -1.5799197385502839e-01,
       -1.9054821307143413e-01, 1.2170073957900289e+00,
       -1.6232578459147934e-01, 2.0004214160157976e-01,
       -4.1903586747853605e-01, -2.3196813536811389e-01,
       -6.1653105525016468e-02, 1.4986921272511211e+00,
       1.4726474357837067e-02, -1.0415018484798577e-01,
       -8.3624990011033712e-02, -2.4504384909592117e-01,
       -1.0131603180949703e-01, 9.0807894504196518e-01 ]
