%YAML:1.0
calibration_time: "Thu Jul 13 16:58:57 2017"
image_width: 1072
image_height: 1920
board_width: 17
board_height: 12
square_size: 2.5000000372529030e-02
flags: 0
camera_matrix: !!opencv-matrix
   rows: 3
   cols: 3
   dt: d
   data: [ 1.9072182939664735e+03, 0., 5.3830609521529618e+02, 0.,
       1.9078821830812478e+03, 9.5226761037490292e+02, 0., 0., 1. ]
distortion_coefficients: !!opencv-matrix
   rows: 5
   cols: 1
   dt: d
   data: [ -4.4001942362265387e-02, 1.1256512229165916e+00,
       7.3281962939850641e-04, 2.4321303453266017e-03,
       -3.1490360232742893e+00 ]
avg_reprojection_error: 2.1758051540459714e-01
per_view_reprojection_errors: !!opencv-matrix
   rows: 4
   cols: 1
   dt: f
   data: [ 2.14087024e-01, 2.23242015e-01, 1.41176447e-01,
       2.71595448e-01 ]
# a set of 6-tuples (rotation vector + translation vector) for each view
extrinsic_parameters: !!opencv-matrix
   rows: 4
   cols: 6
   dt: d
   data: [ -6.1304271581079317e-02, 5.2019407493465550e-02,
       3.0946428902339473e+00, 2.1075523796193735e-01,
       2.8230664643223286e-01, 8.8660373380941704e-01,
       -3.8695438064420620e-02, -1.9474759518655341e-01,
       3.0734063839715144e+00, 2.0591849419609071e-01,
       1.0493631658100373e-01, 8.9603186041604566e-01,
       4.6431497706966710e-02, -5.0168260280110588e-01,
       3.0550350774765529e+00, 2.0816426671671351e-01,
       -7.6899080987568758e-02, 9.1803294230051169e-01,
       -5.9945681361751137e-02, -5.7665740063277987e-02,
       1.5665670338877957e+00, 1.3608370545346662e-01,
       -2.1668787342071225e-01, 6.0935745419484810e-01 ]
