%YAML:1.0
calibration_time: "Thu Jul 13 10:34:29 2017"
image_width: 1072
image_height: 1920
board_width: 17
board_height: 12
square_size: 2.5000000372529030e-02
flags: 0
camera_matrix: !!opencv-matrix
   rows: 3
   cols: 3
   dt: d
   data: [ 1.8257066638671092e+03, 0., 5.3746220877469443e+02, 0.,
       1.8240816103367554e+03, 9.3832847859090316e+02, 0., 0., 1. ]
distortion_coefficients: !!opencv-matrix
   rows: 5
   cols: 1
   dt: d
   data: [ -2.1072623585342020e-02, 5.3162143079086688e-01,
       5.4847883097423653e-06, 2.1611160355355387e-03, 0. ]
avg_reprojection_error: 1.6834270802686621e-01
per_view_reprojection_errors: !!opencv-matrix
   rows: 10
   cols: 1
   dt: f
   data: [ 1.28377184e-01, 1.61390141e-01, 1.75789356e-01,
       2.55003303e-01, 1.42170116e-01, 1.31641537e-01, 2.06264555e-01,
       1.54194787e-01, 1.56821460e-01, 1.28377184e-01 ]
# a set of 6-tuples (rotation vector + translation vector) for each view
extrinsic_parameters: !!opencv-matrix
   rows: 10
   cols: 6
   dt: d
   data: [ 2.0357803267175647e-02, -1.0599715301921635e-01,
       -8.3818202764777777e-02, -2.3906570156728066e-01,
       -1.0636095354431734e-01, 9.5247054929835440e-01,
       1.9500391629626249e-02, -1.0191353572745884e-01,
       -3.8722134524424245e-02, -2.0066643484638028e-01,
       -1.0882709821377276e-01, 8.1432724657432198e-01,
       -2.3749110298421895e-02, 1.9090100352290409e-01,
       -1.1512263967514569e-01, -2.4467754064984912e-01,
       -1.1891542462132784e-01, 1.2291176395317158e+00,
       1.9396252082497248e-01, -8.1406826536501858e-02,
       6.1308272094248395e-01, -1.7359186233747356e-01,
       -5.0217473336625496e-01, 1.3050839789493878e+00,
       2.0967287597732204e-01, 7.7429718950206075e-02,
       -4.2141516055372273e-02, -1.8947251849692570e-01,
       -7.6731211618283821e-02, 1.5549309657273997e+00,
       2.6943270503375572e-01, -8.0954493624662338e-02,
       -5.7967143041324554e-02, -3.7847121308578857e-01,
       -4.2124794220457296e-01, 1.6255531095458626e+00,
       2.6537886193366128e-01, 3.2115259787027839e-01,
       -2.0904680015907762e-01, -2.2673718291629372e-01,
       -1.7905913091575060e-01, 1.3984175629567297e+00,
       2.2747809936277865e-02, 2.5571712299109001e-01,
       -1.8098295907677298e-01, -1.5013802307290669e-01,
       -1.9724437431603098e-01, 1.2749760280344873e+00,
       -1.5871308335781073e-01, 2.1069917250327710e-01,
       -4.1797977130836506e-01, -2.2226914617167520e-01,
       -6.9832648181360868e-02, 1.5704975995469752e+00,
       2.0357803267175591e-02, -1.0599715301921636e-01,
       -8.3818202764777763e-02, -2.3906570156728066e-01,
       -1.0636095354431732e-01, 9.5247054929835440e-01 ]
