%YAML:1.0
calibration_Time: "Tue Jul 25 15:04:52 2017"
image_width: 500
image_height: 500
calibration_pattern: ARUCO_BOX
calibration_flags: "+fix_k3 +fix_k4 +fix_k5 "
flagValue: 6272
camera_matrix: !!opencv-matrix
   rows: 3
   cols: 3
   dt: d
   data: [ 5.1040164745779032e+02, 0., 2.4999722886264857e+02, 0.,
       5.1040162397212225e+02, 2.4926505312207209e+02, 0., 0., 1. ]
distortion_coefficients: !!opencv-matrix
   rows: 5
   cols: 1
   dt: d
   data: [ -4.6142665835768818e-03, 2.1954065327041507e-02,
       -5.2502922166439179e-06, 7.5121477474357774e-06, 0. ]
avg_reprojection_error: 3.4670885078058339e-01
per_view_reprojection_errors: !!opencv-matrix
   rows: 3
   cols: 1
   dt: f
   data: [ 3.46595407e-01, 3.47061157e-01, 3.46469700e-01 ]
