%YAML:1.0
aruco_bc_dict: ARUCO_MIP_36h12
aruco_bc_nmarkers: 41
aruco_bc_mInfoType: 0
aruco_bc_markers:
   - { id:195, corners:[ [ -4248., -3304., 0. ], [ -3304., -3304., 0. ],
       [ -3304., -4248., 0. ], [ -4248., -4248., 0. ] ] }
   - { id:183, corners:[ [ -2360., -3304., 0. ], [ -1416., -3304., 0. ],
       [ -1416., -4248., 0. ], [ -2360., -4248., 0. ] ] }
   - { id:194, corners:[ [ -472., -3304., 0. ], [ 472., -3304., 0. ], [
       472., -4248., 0. ], [ -472., -4248., 0. ] ] }
   - { id:231, corners:[ [ 1416., -3304., 0. ], [ 2360., -3304., 0. ], [
       2360., -4248., 0. ], [ 1416., -4248., 0. ] ] }
   - { id:15, corners:[ [ 3304., -3304., 0. ], [ 4248., -3304., 0. ], [
       4248., -4248., 0. ], [ 3304., -4248., 0. ] ] }
   - { id:119, corners:[ [ -3304., -2360., 0. ], [ -2360., -2360., 0. ],
       [ -2360., -3304., 0. ], [ -3304., -3304., 0. ] ] }
   - { id:26, corners:[ [ -1416., -2360., 0. ], [ -472., -2360., 0. ], [
       -472., -3304., 0. ], [ -1416., -3304., 0. ] ] }
   - { id:108, corners:[ [ 472., -2360., 0. ], [ 1416., -2360., 0. ], [
       1416., -3304., 0. ], [ 472., -3304., 0. ] ] }
   - { id:64, corners:[ [ 2360., -2360., 0. ], [ 3304., -2360., 0. ], [
       3304., -3304., 0. ], [ 2360., -3304., 0. ] ] }
   - { id:172, corners:[ [ -4248., -1416., 0. ], [ -3304., -1416., 0. ],
       [ -3304., -2360., 0. ], [ -4248., -2360., 0. ] ] }
   - { id:200, corners:[ [ -2360., -1416., 0. ], [ -1416., -1416., 0. ],
       [ -1416., -2360., 0. ], [ -2360., -2360., 0. ] ] }
   - { id:121, corners:[ [ -472., -1416., 0. ], [ 472., -1416., 0. ], [
       472., -2360., 0. ], [ -472., -2360., 0. ] ] }
   - { id:43, corners:[ [ 1416., -1416., 0. ], [ 2360., -1416., 0. ], [
       2360., -2360., 0. ], [ 1416., -2360., 0. ] ] }
   - { id:174, corners:[ [ 3304., -1416., 0. ], [ 4248., -1416., 0. ], [
       4248., -2360., 0. ], [ 3304., -2360., 0. ] ] }
   - { id:216, corners:[ [ -3304., -472., 0. ], [ -2360., -472., 0. ], [
       -2360., -1416., 0. ], [ -3304., -1416., 0. ] ] }
   - { id:109, corners:[ [ -1416., -472., 0. ], [ -472., -472., 0. ], [
       -472., -1416., 0. ], [ -1416., -1416., 0. ] ] }
   - { id:0, corners:[ [ 472., -472., 0. ], [ 1416., -472., 0. ], [
       1416., -1416., 0. ], [ 472., -1416., 0. ] ] }
   - { id:162, corners:[ [ 2360., -472., 0. ], [ 3304., -472., 0. ], [
       3304., -1416., 0. ], [ 2360., -1416., 0. ] ] }
   - { id:88, corners:[ [ -4248., 472., 0. ], [ -3304., 472., 0. ], [
       -3304., -472., 0. ], [ -4248., -472., 0. ] ] }
   - { id:137, corners:[ [ -2360., 472., 0. ], [ -1416., 472., 0. ], [
       -1416., -472., 0. ], [ -2360., -472., 0. ] ] }
   - { id:33, corners:[ [ -472., 472., 0. ], [ 472., 472., 0. ], [ 472.,
       -472., 0. ], [ -472., -472., 0. ] ] }
   - { id:211, corners:[ [ 1416., 472., 0. ], [ 2360., 472., 0. ], [
       2360., -472., 0. ], [ 1416., -472., 0. ] ] }
   - { id:98, corners:[ [ 3304., 472., 0. ], [ 4248., 472., 0. ], [
       4248., -472., 0. ], [ 3304., -472., 0. ] ] }
   - { id:46, corners:[ [ -3304., 1416., 0. ], [ -2360., 1416., 0. ], [
       -2360., 472., 0. ], [ -3304., 472., 0. ] ] }
   - { id:141, corners:[ [ -1416., 1416., 0. ], [ -472., 1416., 0. ], [
       -472., 472., 0. ], [ -1416., 472., 0. ] ] }
   - { id:228, corners:[ [ 472., 1416., 0. ], [ 1416., 1416., 0. ], [
       1416., 472., 0. ], [ 472., 472., 0. ] ] }
   - { id:67, corners:[ [ 2360., 1416., 0. ], [ 3304., 1416., 0. ], [
       3304., 472., 0. ], [ 2360., 472., 0. ] ] }
   - { id:157, corners:[ [ -4248., 2360., 0. ], [ -3304., 2360., 0. ], [
       -3304., 1416., 0. ], [ -4248., 1416., 0. ] ] }
   - { id:17, corners:[ [ -2360., 2360., 0. ], [ -1416., 2360., 0. ], [
       -1416., 1416., 0. ], [ -2360., 1416., 0. ] ] }
   - { id:111, corners:[ [ -472., 2360., 0. ], [ 472., 2360., 0. ], [
       472., 1416., 0. ], [ -472., 1416., 0. ] ] }
   - { id:122, corners:[ [ 1416., 2360., 0. ], [ 2360., 2360., 0. ], [
       2360., 1416., 0. ], [ 1416., 1416., 0. ] ] }
   - { id:187, corners:[ [ 3304., 2360., 0. ], [ 4248., 2360., 0. ], [
       4248., 1416., 0. ], [ 3304., 1416., 0. ] ] }
   - { id:54, corners:[ [ -3304., 3304., 0. ], [ -2360., 3304., 0. ], [
       -2360., 2360., 0. ], [ -3304., 2360., 0. ] ] }
   - { id:179, corners:[ [ -1416., 3304., 0. ], [ -472., 3304., 0. ], [
       -472., 2360., 0. ], [ -1416., 2360., 0. ] ] }
   - { id:75, corners:[ [ 472., 3304., 0. ], [ 1416., 3304., 0. ], [
       1416., 2360., 0. ], [ 472., 2360., 0. ] ] }
   - { id:205, corners:[ [ 2360., 3304., 0. ], [ 3304., 3304., 0. ], [
       3304., 2360., 0. ], [ 2360., 2360., 0. ] ] }
   - { id:142, corners:[ [ -4248., 4248., 0. ], [ -3304., 4248., 0. ], [
       -3304., 3304., 0. ], [ -4248., 3304., 0. ] ] }
   - { id:55, corners:[ [ -2360., 4248., 0. ], [ -1416., 4248., 0. ], [
       -1416., 3304., 0. ], [ -2360., 3304., 0. ] ] }
   - { id:62, corners:[ [ -472., 4248., 0. ], [ 472., 4248., 0. ], [
       472., 3304., 0. ], [ -472., 3304., 0. ] ] }
   - { id:240, corners:[ [ 1416., 4248., 0. ], [ 2360., 4248., 0. ], [
       2360., 3304., 0. ], [ 1416., 3304., 0. ] ] }
   - { id:199, corners:[ [ 3304., 4248., 0. ], [ 4248., 4248., 0. ], [
       4248., 3304., 0. ], [ 3304., 3304., 0. ] ] }
