%YAML:1.0
aruco_bc_dict: ARUCO_MIP_36h12
aruco_bc_nmarkers: 41
aruco_bc_mInfoType: 0
aruco_bc_markers:
   - { id:76, corners:[ [ -4248., -3304., 0. ], [ -3304., -3304., 0. ],
       [ -3304., -4248., 0. ], [ -4248., -4248., 0. ] ] }
   - { id:185, corners:[ [ -2360., -3304., 0. ], [ -1416., -3304., 0. ],
       [ -1416., -4248., 0. ], [ -2360., -4248., 0. ] ] }
   - { id:102, corners:[ [ -472., -3304., 0. ], [ 472., -3304., 0. ], [
       472., -4248., 0. ], [ -472., -4248., 0. ] ] }
   - { id:14, corners:[ [ 1416., -3304., 0. ], [ 2360., -3304., 0. ], [
       2360., -4248., 0. ], [ 1416., -4248., 0. ] ] }
   - { id:20, corners:[ [ 3304., -3304., 0. ], [ 4248., -3304., 0. ], [
       4248., -4248., 0. ], [ 3304., -4248., 0. ] ] }
   - { id:116, corners:[ [ -3304., -2360., 0. ], [ -2360., -2360., 0. ],
       [ -2360., -3304., 0. ], [ -3304., -3304., 0. ] ] }
   - { id:29, corners:[ [ -1416., -2360., 0. ], [ -472., -2360., 0. ], [
       -472., -3304., 0. ], [ -1416., -3304., 0. ] ] }
   - { id:210, corners:[ [ 472., -2360., 0. ], [ 1416., -2360., 0. ], [
       1416., -3304., 0. ], [ 472., -3304., 0. ] ] }
   - { id:180, corners:[ [ 2360., -2360., 0. ], [ 3304., -2360., 0. ], [
       3304., -3304., 0. ], [ 2360., -3304., 0. ] ] }
   - { id:126, corners:[ [ -4248., -1416., 0. ], [ -3304., -1416., 0. ],
       [ -3304., -2360., 0. ], [ -4248., -2360., 0. ] ] }
   - { id:22, corners:[ [ -2360., -1416., 0. ], [ -1416., -1416., 0. ],
       [ -1416., -2360., 0. ], [ -2360., -2360., 0. ] ] }
   - { id:236, corners:[ [ -472., -1416., 0. ], [ 472., -1416., 0. ], [
       472., -2360., 0. ], [ -472., -2360., 0. ] ] }
   - { id:89, corners:[ [ 1416., -1416., 0. ], [ 2360., -1416., 0. ], [
       2360., -2360., 0. ], [ 1416., -2360., 0. ] ] }
   - { id:192, corners:[ [ 3304., -1416., 0. ], [ 4248., -1416., 0. ], [
       4248., -2360., 0. ], [ 3304., -2360., 0. ] ] }
   - { id:80, corners:[ [ -3304., -472., 0. ], [ -2360., -472., 0. ], [
       -2360., -1416., 0. ], [ -3304., -1416., 0. ] ] }
   - { id:241, corners:[ [ -1416., -472., 0. ], [ -472., -472., 0. ], [
       -472., -1416., 0. ], [ -1416., -1416., 0. ] ] }
   - { id:222, corners:[ [ 472., -472., 0. ], [ 1416., -472., 0. ], [
       1416., -1416., 0. ], [ 472., -1416., 0. ] ] }
   - { id:57, corners:[ [ 2360., -472., 0. ], [ 3304., -472., 0. ], [
       3304., -1416., 0. ], [ 2360., -1416., 0. ] ] }
   - { id:134, corners:[ [ -4248., 472., 0. ], [ -3304., 472., 0. ], [
       -3304., -472., 0. ], [ -4248., -472., 0. ] ] }
   - { id:74, corners:[ [ -2360., 472., 0. ], [ -1416., 472., 0. ], [
       -1416., -472., 0. ], [ -2360., -472., 0. ] ] }
   - { id:197, corners:[ [ -472., 472., 0. ], [ 472., 472., 0. ], [ 472.,
       -472., 0. ], [ -472., -472., 0. ] ] }
   - { id:215, corners:[ [ 1416., 472., 0. ], [ 2360., 472., 0. ], [
       2360., -472., 0. ], [ 1416., -472., 0. ] ] }
   - { id:220, corners:[ [ 3304., 472., 0. ], [ 4248., 472., 0. ], [
       4248., -472., 0. ], [ 3304., -472., 0. ] ] }
   - { id:97, corners:[ [ -3304., 1416., 0. ], [ -2360., 1416., 0. ], [
       -2360., 472., 0. ], [ -3304., 472., 0. ] ] }
   - { id:202, corners:[ [ -1416., 1416., 0. ], [ -472., 1416., 0. ], [
       -472., 472., 0. ], [ -1416., 472., 0. ] ] }
   - { id:149, corners:[ [ 472., 1416., 0. ], [ 1416., 1416., 0. ], [
       1416., 472., 0. ], [ 472., 472., 0. ] ] }
   - { id:3, corners:[ [ 2360., 1416., 0. ], [ 3304., 1416., 0. ], [
       3304., 472., 0. ], [ 2360., 472., 0. ] ] }
   - { id:232, corners:[ [ -4248., 2360., 0. ], [ -3304., 2360., 0. ], [
       -3304., 1416., 0. ], [ -4248., 1416., 0. ] ] }
   - { id:106, corners:[ [ -2360., 2360., 0. ], [ -1416., 2360., 0. ], [
       -1416., 1416., 0. ], [ -2360., 1416., 0. ] ] }
   - { id:59, corners:[ [ -472., 2360., 0. ], [ 472., 2360., 0. ], [
       472., 1416., 0. ], [ -472., 1416., 0. ] ] }
   - { id:1, corners:[ [ 1416., 2360., 0. ], [ 2360., 2360., 0. ], [
       2360., 1416., 0. ], [ 1416., 1416., 0. ] ] }
   - { id:182, corners:[ [ 3304., 2360., 0. ], [ 4248., 2360., 0. ], [
       4248., 1416., 0. ], [ 3304., 1416., 0. ] ] }
   - { id:18, corners:[ [ -3304., 3304., 0. ], [ -2360., 3304., 0. ], [
       -2360., 2360., 0. ], [ -3304., 2360., 0. ] ] }
   - { id:188, corners:[ [ -1416., 3304., 0. ], [ -472., 3304., 0. ], [
       -472., 2360., 0. ], [ -1416., 2360., 0. ] ] }
   - { id:103, corners:[ [ 472., 3304., 0. ], [ 1416., 3304., 0. ], [
       1416., 2360., 0. ], [ 472., 2360., 0. ] ] }
   - { id:73, corners:[ [ 2360., 3304., 0. ], [ 3304., 3304., 0. ], [
       3304., 2360., 0. ], [ 2360., 2360., 0. ] ] }
   - { id:99, corners:[ [ -4248., 4248., 0. ], [ -3304., 4248., 0. ], [
       -3304., 3304., 0. ], [ -4248., 3304., 0. ] ] }
   - { id:124, corners:[ [ -2360., 4248., 0. ], [ -1416., 4248., 0. ], [
       -1416., 3304., 0. ], [ -2360., 3304., 0. ] ] }
   - { id:223, corners:[ [ -472., 4248., 0. ], [ 472., 4248., 0. ], [
       472., 3304., 0. ], [ -472., 3304., 0. ] ] }
   - { id:145, corners:[ [ 1416., 4248., 0. ], [ 2360., 4248., 0. ], [
       2360., 3304., 0. ], [ 1416., 3304., 0. ] ] }
   - { id:230, corners:[ [ 3304., 4248., 0. ], [ 4248., 4248., 0. ], [
       4248., 3304., 0. ], [ 3304., 3304., 0. ] ] }
