%YAML:1.0
aruco_bc_dict: ARUCO_MIP_36h12
aruco_bc_nmarkers: 41
aruco_bc_mInfoType: 0
aruco_bc_markers:
   - { id:224, corners:[ [ -4248., -3304., 0. ], [ -3304., -3304., 0. ],
       [ -3304., -4248., 0. ], [ -4248., -4248., 0. ] ] }
   - { id:25, corners:[ [ -2360., -3304., 0. ], [ -1416., -3304., 0. ],
       [ -1416., -4248., 0. ], [ -2360., -4248., 0. ] ] }
   - { id:243, corners:[ [ -472., -3304., 0. ], [ 472., -3304., 0. ], [
       472., -4248., 0. ], [ -472., -4248., 0. ] ] }
   - { id:213, corners:[ [ 1416., -3304., 0. ], [ 2360., -3304., 0. ], [
       2360., -4248., 0. ], [ 1416., -4248., 0. ] ] }
   - { id:234, corners:[ [ 3304., -3304., 0. ], [ 4248., -3304., 0. ], [
       4248., -4248., 0. ], [ 3304., -4248., 0. ] ] }
   - { id:96, corners:[ [ -3304., -2360., 0. ], [ -2360., -2360., 0. ],
       [ -2360., -3304., 0. ], [ -3304., -3304., 0. ] ] }
   - { id:66, corners:[ [ -1416., -2360., 0. ], [ -472., -2360., 0. ], [
       -472., -3304., 0. ], [ -1416., -3304., 0. ] ] }
   - { id:225, corners:[ [ 472., -2360., 0. ], [ 1416., -2360., 0. ], [
       1416., -3304., 0. ], [ 472., -3304., 0. ] ] }
   - { id:206, corners:[ [ 2360., -2360., 0. ], [ 3304., -2360., 0. ], [
       3304., -3304., 0. ], [ 2360., -3304., 0. ] ] }
   - { id:150, corners:[ [ -4248., -1416., 0. ], [ -3304., -1416., 0. ],
       [ -3304., -2360., 0. ], [ -4248., -2360., 0. ] ] }
   - { id:147, corners:[ [ -2360., -1416., 0. ], [ -1416., -1416., 0. ],
       [ -1416., -2360., 0. ], [ -2360., -2360., 0. ] ] }
   - { id:47, corners:[ [ -472., -1416., 0. ], [ 472., -1416., 0. ], [
       472., -2360., 0. ], [ -472., -2360., 0. ] ] }
   - { id:104, corners:[ [ 1416., -1416., 0. ], [ 2360., -1416., 0. ], [
       2360., -2360., 0. ], [ 1416., -2360., 0. ] ] }
   - { id:164, corners:[ [ 3304., -1416., 0. ], [ 4248., -1416., 0. ], [
       4248., -2360., 0. ], [ 3304., -2360., 0. ] ] }
   - { id:235, corners:[ [ -3304., -472., 0. ], [ -2360., -472., 0. ], [
       -2360., -1416., 0. ], [ -3304., -1416., 0. ] ] }
   - { id:163, corners:[ [ -1416., -472., 0. ], [ -472., -472., 0. ], [
       -472., -1416., 0. ], [ -1416., -1416., 0. ] ] }
   - { id:82, corners:[ [ 472., -472., 0. ], [ 1416., -472., 0. ], [
       1416., -1416., 0. ], [ 472., -1416., 0. ] ] }
   - { id:56, corners:[ [ 2360., -472., 0. ], [ 3304., -472., 0. ], [
       3304., -1416., 0. ], [ 2360., -1416., 0. ] ] }
   - { id:52, corners:[ [ -4248., 472., 0. ], [ -3304., 472., 0. ], [
       -3304., -472., 0. ], [ -4248., -472., 0. ] ] }
   - { id:16, corners:[ [ -2360., 472., 0. ], [ -1416., 472., 0. ], [
       -1416., -472., 0. ], [ -2360., -472., 0. ] ] }
   - { id:138, corners:[ [ -472., 472., 0. ], [ 472., 472., 0. ], [ 472.,
       -472., 0. ], [ -472., -472., 0. ] ] }
   - { id:139, corners:[ [ 1416., 472., 0. ], [ 2360., 472., 0. ], [
       2360., -472., 0. ], [ 1416., -472., 0. ] ] }
   - { id:212, corners:[ [ 3304., 472., 0. ], [ 4248., 472., 0. ], [
       4248., -472., 0. ], [ 3304., -472., 0. ] ] }
   - { id:175, corners:[ [ -3304., 1416., 0. ], [ -2360., 1416., 0. ], [
       -2360., 472., 0. ], [ -3304., 472., 0. ] ] }
   - { id:34, corners:[ [ -1416., 1416., 0. ], [ -472., 1416., 0. ], [
       -472., 472., 0. ], [ -1416., 472., 0. ] ] }
   - { id:9, corners:[ [ 472., 1416., 0. ], [ 1416., 1416., 0. ], [
       1416., 472., 0. ], [ 472., 472., 0. ] ] }
   - { id:131, corners:[ [ 2360., 1416., 0. ], [ 3304., 1416., 0. ], [
       3304., 472., 0. ], [ 2360., 472., 0. ] ] }
   - { id:81, corners:[ [ -4248., 2360., 0. ], [ -3304., 2360., 0. ], [
       -3304., 1416., 0. ], [ -4248., 1416., 0. ] ] }
   - { id:248, corners:[ [ -2360., 2360., 0. ], [ -1416., 2360., 0. ], [
       -1416., 1416., 0. ], [ -2360., 1416., 0. ] ] }
   - { id:158, corners:[ [ -472., 2360., 0. ], [ 472., 2360., 0. ], [
       472., 1416., 0. ], [ -472., 1416., 0. ] ] }
   - { id:72, corners:[ [ 1416., 2360., 0. ], [ 2360., 2360., 0. ], [
       2360., 1416., 0. ], [ 1416., 1416., 0. ] ] }
   - { id:101, corners:[ [ 3304., 2360., 0. ], [ 4248., 2360., 0. ], [
       4248., 1416., 0. ], [ 3304., 1416., 0. ] ] }
   - { id:84, corners:[ [ -3304., 3304., 0. ], [ -2360., 3304., 0. ], [
       -2360., 2360., 0. ], [ -3304., 2360., 0. ] ] }
   - { id:146, corners:[ [ -1416., 3304., 0. ], [ -472., 3304., 0. ], [
       -472., 2360., 0. ], [ -1416., 2360., 0. ] ] }
   - { id:186, corners:[ [ 472., 3304., 0. ], [ 1416., 3304., 0. ], [
       1416., 2360., 0. ], [ 472., 2360., 0. ] ] }
   - { id:91, corners:[ [ 2360., 3304., 0. ], [ 3304., 3304., 0. ], [
       3304., 2360., 0. ], [ 2360., 2360., 0. ] ] }
   - { id:165, corners:[ [ -4248., 4248., 0. ], [ -3304., 4248., 0. ], [
       -3304., 3304., 0. ], [ -4248., 3304., 0. ] ] }
   - { id:118, corners:[ [ -2360., 4248., 0. ], [ -1416., 4248., 0. ], [
       -1416., 3304., 0. ], [ -2360., 3304., 0. ] ] }
   - { id:173, corners:[ [ -472., 4248., 0. ], [ 472., 4248., 0. ], [
       472., 3304., 0. ], [ -472., 3304., 0. ] ] }
   - { id:21, corners:[ [ 1416., 4248., 0. ], [ 2360., 4248., 0. ], [
       2360., 3304., 0. ], [ 1416., 3304., 0. ] ] }
   - { id:238, corners:[ [ 3304., 4248., 0. ], [ 4248., 4248., 0. ], [
       4248., 3304., 0. ], [ 3304., 3304., 0. ] ] }
