%YAML:1.0
calibration_time: "Thu Jul 13 17:00:27 2017"
image_width: 1072
image_height: 1920
board_width: 17
board_height: 12
square_size: 2.5000000372529030e-02
flags: 0
camera_matrix: !!opencv-matrix
   rows: 3
   cols: 3
   dt: d
   data: [ 1.9071039213073084e+03, 0., 5.3829147131251113e+02, 0.,
       1.9077663372310908e+03, 9.5223883323356233e+02, 0., 0., 1. ]
distortion_coefficients: !!opencv-matrix
   rows: 8
   cols: 1
   dt: d
   data: [ 1.9406260714074205e-01, 1.0249659105106714e+00,
       7.3620868084148207e-04, 2.4286636156599338e-03,
       -7.4735364940814710e+00, 2.4106586148056228e-01,
       -1.4920877950300721e-01, -4.1642309490740974e+00 ]
avg_reprojection_error: 2.1711073868531042e-01
per_view_reprojection_errors: !!opencv-matrix
   rows: 4
   cols: 1
   dt: f
   data: [ 2.13866964e-01, 2.22371489e-01, 1.40637264e-01,
       2.71258712e-01 ]
# a set of 6-tuples (rotation vector + translation vector) for each view
extrinsic_parameters: !!opencv-matrix
   rows: 4
   cols: 6
   dt: d
   data: [ -6.1282791937810131e-02, 5.1977591403166733e-02,
       3.0946438450320719e+00, 2.1076209652692399e-01,
       2.8231974456609632e-01, 8.8651327155369819e-01,
       -3.8680918328737671e-02, -1.9474834827476098e-01,
       3.0734062865963208e+00, 2.0592542220839122e-01,
       1.0494947524018618e-01, 8.9593703177558459e-01,
       4.6431938251118576e-02, -5.0163423314528521e-01,
       3.0550420778274754e+00, 2.0817132495730906e-01,
       -7.6885177113870815e-02, 9.1793530702473325e-01,
       -5.9925522073068949e-02, -5.7665548600668089e-02,
       1.5665676715060695e+00, 1.3608871394736649e-01,
       -2.1667893994342993e-01, 6.0929022615920136e-01 ]
