%YAML:1.0
calibration_time: "Thu Jul 13 16:54:18 2017"
image_width: 1072
image_height: 1920
board_width: 17
board_height: 12
square_size: 2.5000000372529030e-02
flags: 0
camera_matrix: !!opencv-matrix
   rows: 3
   cols: 3
   dt: d
   data: [ 1.8892114771850675e+03, 0., 5.3619420684618331e+02, 0.,
       1.8897801963111554e+03, 9.4912397408098252e+02, 0., 0., 1. ]
distortion_coefficients: !!opencv-matrix
   rows: 5
   cols: 1
   dt: d
   data: [ 6.8978288172809973e-02, 0., 1.5431013495334944e-04,
       2.0597806817677163e-03, 0. ]
avg_reprojection_error: 3.2257861234356927e-01
per_view_reprojection_errors: !!opencv-matrix
   rows: 4
   cols: 1
   dt: f
   data: [ 2.97754079e-01, 3.64780724e-01, 2.69112408e-01,
       3.49405050e-01 ]
# a set of 6-tuples (rotation vector + translation vector) for each view
extrinsic_parameters: !!opencv-matrix
   rows: 4
   cols: 6
   dt: d
   data: [ -5.9819391362214758e-02, 5.3279132233539778e-02,
       3.0946531500734538e+00, 2.1175469867547306e-01,
       2.8380573913853774e-01, 8.8049046371778117e-01,
       -3.7241954226985917e-02, -1.8868776533369672e-01,
       3.0737455878632476e+00, 2.0692218384074024e-01,
       1.0645490668053675e-01, 8.8958838015698571e-01,
       4.6854041248248060e-02, -5.0274620562159955e-01,
       3.0547443094173552e+00, 2.0918237525582234e-01,
       -7.5463839933790286e-02, 9.1257201322265569e-01,
       -5.9627758750283054e-02, -5.6444226176249078e-02,
       1.5666478515002289e+00, 1.3677859056858621e-01,
       -2.1566955333747209e-01, 6.0546863142086049e-01 ]
