%YAML:1.0
calibration_Time: "Wed Aug  2 11:55:56 2017"
image_width: 1072
image_height: 1920
calibration_pattern: CHESSBOARD
board_width: 12
board_height: 17
square_size: 2.5000000372529030e-02
calibration_flags: "+fix_k3 +fix_k4 +fix_k5 "
flagValue: 6272
camera_matrix: !!opencv-matrix
   rows: 3
   cols: 3
   dt: d
   data: [ 1.8532040955929899e+03, 0., 5.3488742500529372e+02, 0.,
       1.8539053769057191e+03, 9.3665016534455742e+02, 0., 0., 1. ]
distortion_coefficients: !!opencv-matrix
   rows: 5
   cols: 1
   dt: d
   data: [ 5.3631031595833795e-02, 5.8546496555231975e-02,
       -4.6216798555226001e-04, 1.6745292279350978e-03, 0. ]
avg_reprojection_error: 2.4646799791395596e-01
per_view_reprojection_errors: !!opencv-matrix
   rows: 9
   cols: 1
   dt: f
   data: [ 2.96218574e-01, 1.62944779e-01, 1.72603622e-01,
       1.63098812e-01, 2.74965405e-01, 2.24402994e-01, 2.50049621e-01,
       2.72916853e-01, 3.36240202e-01 ]
