%YAML:1.0
calibration_time: "Thu Jul 13 16:52:21 2017"
image_width: 1072
image_height: 1920
board_width: 17
board_height: 12
square_size: 2.5000000372529030e-02
flags: 0
camera_matrix: !!opencv-matrix
   rows: 3
   cols: 3
   dt: d
   data: [ 1.7308840890351444e+03, 0., 5.3147885273527197e+02, 0.,
       1.7328211868890753e+03, 9.3265292231810110e+02, 0., 0., 1. ]
distortion_coefficients: !!opencv-matrix
   rows: 5
   cols: 1
   dt: d
   data: [ 0., 0., -2.0833549899196648e-03, 1.1529716786671761e-03, 0. ]
avg_reprojection_error: 8.8688907493039515e-01
per_view_reprojection_errors: !!opencv-matrix
   rows: 4
   cols: 1
   dt: f
   data: [ 7.18829095e-01, 4.69316721e-01, 7.35616148e-01,
       1.36681545e+00 ]
# a set of 6-tuples (rotation vector + translation vector) for each view
extrinsic_parameters: !!opencv-matrix
   rows: 4
   cols: 6
   dt: d
   data: [ -5.3235368163552073e-02, 9.5275291211026555e-02,
       3.0938818480388810e+00, 2.1404173409785027e-01,
       2.9117092508687253e-01, 7.9770831738604564e-01,
       -3.1774311175778225e-02, -1.7476979776333554e-01,
       3.0745755121820988e+00, 2.0916733982493543e-01,
       1.1431011260697620e-01, 8.1284830644999928e-01,
       4.8445986370944716e-02, -5.0456705099952082e-01,
       3.0541958697267884e+00, 2.1143549626458361e-01,
       -6.7371254409730852e-02, 8.3466227914295477e-01,
       -5.5687993940308836e-02, -5.0003710137091685e-02,
       1.5670319192779614e+00, 1.3840057607526460e-01,
       -2.1036681772760898e-01, 5.5201584470598974e-01 ]
