%YAML:1.0
calibration_time: "Thu Jul 13 16:56:00 2017"
image_width: 1072
image_height: 1920
board_width: 17
board_height: 12
square_size: 2.5000000372529030e-02
flags: 0
camera_matrix: !!opencv-matrix
   rows: 3
   cols: 3
   dt: d
   data: [ 1.8963618670505448e+03, 0., 5.3937270012647434e+02, 0.,
       1.8971440042914307e+03, 9.4975352746710678e+02, 0., 0., 1. ]
distortion_coefficients: !!opencv-matrix
   rows: 5
   cols: 1
   dt: d
   data: [ 4.2687199654524333e-02, 1.3461360800168420e-01,
       4.6539393725416087e-04, 2.4686861884046208e-03, 0. ]
avg_reprojection_error: 2.9473176953872737e-01
per_view_reprojection_errors: !!opencv-matrix
   rows: 4
   cols: 1
   dt: f
   data: [ 2.55500227e-01, 2.97857106e-01, 3.08677226e-01,
       3.13347101e-01 ]
# a set of 6-tuples (rotation vector + translation vector) for each view
extrinsic_parameters: !!opencv-matrix
   rows: 4
   cols: 6
   dt: d
   data: [ -6.1075634625950073e-02, 5.4196048819191711e-02,
       3.0946293916155905e+00, 2.1026135170663268e-01,
       2.8348564030775675e-01, 8.8309216401767709e-01,
       -3.8688019403492452e-02, -1.9170547046513148e-01,
       3.0736293255965763e+00, 2.0543036115780672e-01,
       1.0613567777179253e-01, 8.9254267952777977e-01,
       4.5085918012906713e-02, -5.0044873187671068e-01,
       3.0552689587577060e+00, 2.0766250595931515e-01,
       -7.5721143073699773e-02, 9.1492887707208526e-01,
       -5.9845802081743921e-02, -5.7426045756058558e-02,
       1.5666057042999393e+00, 1.3575706970602650e-01,
       -2.1588402972862294e-01, 6.0711982790182739e-01 ]
