%YAML:1.0
calibration_Time: "Tue Aug  1 12:18:33 2017"
image_width: 1072
image_height: 1920
calibration_pattern: CHESSBOARD
board_width: 12
board_height: 17
square_size: 2.5000000372529030e-02
calibration_flags: "+fix_k3 +fix_k4 +fix_k5 "
flagValue: 6272
camera_matrix: !!opencv-matrix
   rows: 3
   cols: 3
   dt: d
   data: [ 1.8530036483717047e+03, 0., 5.3497013294119142e+02, 0.,
       1.8537158512151411e+03, 9.3651919225698498e+02, 0., 0., 1. ]
distortion_coefficients: !!opencv-matrix
   rows: 5
   cols: 1
   dt: d
   data: [ 5.3664275211480664e-02, 5.8250444199536434e-02,
       -4.7392317477219282e-04, 1.6866533676301654e-03, 0. ]
avg_reprojection_error: 2.4629594244564365e-01
per_view_reprojection_errors: !!opencv-matrix
   rows: 9
   cols: 1
   dt: f
   data: [ 2.95237422e-01, 1.61898002e-01, 1.71085104e-01,
       1.62786171e-01, 2.76223630e-01, 2.23253921e-01, 2.51219630e-01,
       2.72325456e-01, 3.36742371e-01 ]
