%YAML:1.0
Calibration_Time: "Tue Aug  8 21:59:32 2017"
Calibration_Pattern: ARUCO_BOX
Stereo_Parameters:
   Rotation_Matrix: !!opencv-matrix
      rows: 3
      cols: 3
      dt: d
      data: [ 9.9201666569916780e-01, -3.3961522066804688e-02,
          1.2144772535544485e-01, 3.4754362420649283e-02,
          9.9938613113042174e-01, -4.4153365558652277e-03,
          -1.2122322082769366e-01, 8.6009257102556882e-03,
          9.9258800859625884e-01 ]
   Translation_Vector: !!opencv-matrix
      rows: 3
      cols: 1
      dt: d
      data: [ -4.9146519050674877e+00, 2.2796130877851239e-01,
          1.1232374875499732e-01 ]
   Essential_Matrix: !!opencv-matrix
      rows: 3
      cols: 3
      dt: d
      data: [ -3.1537944346904802e-02, -1.1029411842070565e-01,
          2.2676760867143023e-01, -4.8434290246047795e-01,
          3.8455870455282988e-02, 4.8918660111844385e+00,
          -3.9694701092292817e-01, -4.9038930402396943e+00,
          -5.9855402044033702e-03 ]
   Fundamental_Matrix: !!opencv-matrix
      rows: 3
      cols: 3
      dt: d
      data: [ 3.0293116134526884e-07, 1.0590064576210435e-06,
          -5.1905444922699332e-03, 4.6504951374839017e-06,
          -3.6910046136279122e-07, -8.9186819355770275e-02,
          2.5479604718670738e-03, 8.7038321710194294e-02, 1. ]
Rectification_Parameters:
   Rectification_Transformation_1: !!opencv-matrix
      rows: 3
      cols: 3
      dt: d
      data: [ 9.9185002982489812e-01, -8.0406216509523037e-02,
          9.8835007375789277e-02, 8.0570110472970302e-02,
          9.9674620078450882e-01, 2.3384866946385063e-03,
          -9.8701446973800608e-02, 5.6437193650418476e-03,
          9.9510108672285469e-01 ]
   Rectification_Transformation_2: !!opencv-matrix
      rows: 3
      cols: 3
      dt: d
      data: [ 9.9866576378809013e-01, -4.6322132053886675e-02,
          -2.2824379937527416e-02, 4.6359878143300774e-02,
          9.9892416693483799e-01, 1.1271255823106804e-03,
          2.2747613854833683e-02, -2.1837572031435607e-03,
          9.9973885453571765e-01 ]
   Projection_Matrix_1: !!opencv-matrix
      rows: 3
      cols: 4
      dt: d
      data: [ 1.3914715301000988e+03, 0., 4.6109565734863281e+02, 0., 0.,
          1.3914715301000988e+03, 9.3462863159179688e+02, 0., 0., 0., 1.,
          0. ]
   Projection_Matrix_2: !!opencv-matrix
      rows: 3
      cols: 4
      dt: d
      data: [ 1.3914715301000988e+03, 0., 4.6109565734863281e+02,
          -6.8477347018623987e+03, 0., 1.3914715301000988e+03,
          9.3462863159179688e+02, 0., 0., 0., 1., 0. ]
   Disparity-to-depth_Mapping_Matrix: !!opencv-matrix
      rows: 4
      cols: 4
      dt: d
      data: [ 1., 0., 0., -4.6109565734863281e+02, 0., 1., 0.,
          -9.3462863159179688e+02, 0., 0., 0., 1.3914715301000988e+03,
          0., 0., 2.0320172884642512e-01, 0. ]
