%YAML:1.0
Calibration_Time: "Tue Aug  8 21:59:55 2017"
Calibration_Pattern: CHESSBOARD
Stereo_Parameters:
   Rotation_Matrix: !!opencv-matrix
      rows: 3
      cols: 3
      dt: d
      data: [ 9.9484613419581835e-01, -2.8713752510271931e-02,
          9.7245512453864216e-02, 2.8636797014951379e-02,
          9.9958748979807566e-01, 2.1872576223205802e-03,
          -9.7268202061929168e-02, 6.0881521070025528e-04,
          9.9525801991829188e-01 ]
   Translation_Vector: !!opencv-matrix
      rows: 3
      cols: 1
      dt: d
      data: [ -5.0591081230924116e-02, -6.3333190145538679e-04,
          5.3887281578261122e-03 ]
   Essential_Matrix: !!opencv-matrix
      rows: 3
      cols: 3
      dt: d
      data: [ -9.2712859061390874e-05, -5.3868908345806399e-03,
          -6.4211519093139381e-04, 4.4005186434446265e-04,
          -1.2392998688979379e-04, 5.0875208962597361e-02,
          -8.1869873015111196e-04, -5.0588397229265225e-02,
          -4.9067042733369086e-05 ]
   Fundamental_Matrix: !!opencv-matrix
      rows: 3
      cols: 3
      dt: d
      data: [ 6.9784781486384568e-08, 4.0742330024529542e-06,
          -2.9739600797167197e-03, -3.3294662935447146e-07,
          9.4218047450818081e-08, -7.2567725701067162e-02,
          1.4431483720452627e-03, 7.0183366911423489e-02, 1. ]
Rectification_Parameters:
   Rectification_Transformation_1: !!opencv-matrix
      rows: 3
      cols: 3
      dt: d
      data: [ 9.9983147601977962e-01, -1.6172374125603291e-02,
          -8.6875701580137396e-03, 1.6179768629234138e-02,
          9.9986879352809233e-01, 7.8154704368393045e-04,
          8.6737908213966458e-03, -9.2197820937229842e-04,
          9.9996195693084644e-01 ]
   Rectification_Transformation_2: !!opencv-matrix
      rows: 3
      cols: 3
      dt: d
      data: [ 9.9429802110172794e-01, 1.2447266217602882e-02,
          -1.0590802989809538e-01, -1.2537602864363560e-02,
          9.9992138364488903e-01, -1.8720071096932348e-04,
          1.0589737365772224e-01, 1.5139661154750994e-03,
          9.9437591189599817e-01 ]
   Projection_Matrix_1: !!opencv-matrix
      rows: 3
      cols: 4
      dt: d
      data: [ 1.4969972960239695e+03, 0., 6.7253058624267578e+02, 0., 0.,
          1.4969972960239695e+03, 9.3789923858642578e+02, 0., 0., 0., 1.,
          0. ]
   Projection_Matrix_2: !!opencv-matrix
      rows: 3
      cols: 4
      dt: d
      data: [ 1.4969972960239695e+03, 0., 6.7253058624267578e+02,
          -7.6169025984487874e+01, 0., 1.4969972960239695e+03,
          9.3789923858642578e+02, 0., 0., 0., 1., 0. ]
   Disparity-to-depth_Mapping_Matrix: !!opencv-matrix
      rows: 4
      cols: 4
      dt: d
      data: [ 1., 0., 0., -6.7253058624267578e+02, 0., 1., 0.,
          -9.3789923858642578e+02, 0., 0., 0., 1.4969972960239695e+03,
          0., 0., 1.9653622672408058e+01, 0. ]
