%YAML:1.0
calibration_Time: "Tue Aug  1 12:13:23 2017"
calibration_pattern: ARUCO_BOX
Rotation_Matrix: !!opencv-matrix
   rows: 3
   cols: 3
   dt: d
   data: [ 9.9227894890270218e-01, -3.5380817960968342e-02,
       1.1887255900737302e-01, 3.6136344847933058e-02,
       9.9933801938728350e-01, -4.2056614381915771e-03,
       -1.1864506793617600e-01, 8.4688090965760916e-03,
       9.9290061291496134e-01 ]
Translation_Vector: !!opencv-matrix
   rows: 3
   cols: 1
   dt: d
   data: [ -4.9193870827487167e+00, 2.2764420954067507e-01,
       9.1531479659005821e-02 ]
Essential_Matrix: !!opencv-matrix
   rows: 3
   cols: 3
   dt: d
   data: [ -3.0316475819629884e-02, -8.9543012241477371e-02,
       2.2641302559386067e-01, -4.9283625420952082e-01,
       3.8422891456447894e-02, 4.8953430308439421e+00,
       -4.0365522502948259e-01, -4.9080763055358618e+00,
       -6.3713731778566492e-03 ]
Fundamental_Matrix: !!opencv-matrix
   rows: 3
   cols: 3
   dt: d
   data: [ 3.3278306118276899e-07, 9.8250577958362583e-07,
       -5.8257157720538830e-03, 5.4076187077935419e-06,
       -4.2141925382875807e-07, -1.0437743561683580e-01,
       3.0872125698816542e-03, 1.0199621625889470e-01,
       9.9999999999999989e-01 ]
Rectification_Transformation_1: !!opencv-matrix
   rows: 3
   cols: 3
   dt: d
   data: [ 9.9158174164045110e-01, -8.1681140617011525e-02,
       1.0046810893409767e-01, 8.1845489873846211e-02,
       9.9664191477961406e-01, 2.4918851768292324e-03,
       -1.0033426848589601e-01, 5.7519537488018042e-03,
       9.9493715861629772e-01 ]
Rectification_Transformation_2: !!opencv-matrix
   rows: 3
   cols: 3
   dt: d
   data: [ 9.9875853512073998e-01, -4.6217464376176881e-02,
       -1.8583178148807632e-02, 4.6247767273080283e-02,
       9.9892927397514197e-01, 1.2040007269499679e-03,
       1.8507634795632423e-02, -2.0619365005531153e-03,
       9.9982659290105869e-01 ]
Projection_Matrix_1: !!opencv-matrix
   rows: 3
   cols: 4
   dt: d
   data: [ 1.4258005774168025e+03, 0., 4.5762650108337402e+02, 0., 0.,
       1.4258005774168025e+03, 9.4836130523681641e+02, 0., 0., 0., 1.,
       0. ]
Projection_Matrix_2: !!opencv-matrix
   rows: 3
   cols: 4
   dt: d
   data: [ 1.4258005774168025e+03, 0., 4.5762650108337402e+02,
       -7.0227834821676379e+03, 0., 1.4258005774168025e+03,
       9.4836130523681641e+02, 0., 0., 0., 1., 0. ]
Disparity-to-depth_Mapping_Matrix: !!opencv-matrix
   rows: 4
   cols: 4
   dt: d
   data: [ 1., 0., 0., -4.5762650108337402e+02, 0., 1., 0.,
       -9.4836130523681641e+02, 0., 0., 0., 1.4258005774168025e+03, 0.,
       0., 2.0302499443948652e-01, 0. ]
