%YAML:1.0
calibration_Time: "Wed Aug  2 10:53:55 2017"
calibration_pattern: ARUCO_BOX
Rotation_Matrix: !!opencv-matrix
   rows: 3
   cols: 3
   dt: d
   data: [ 9.9201666738318417e-01, -3.3961530582367838e-02,
       1.2144770921867507e-01, 3.4754371494761821e-02,
       9.9938613079184979e-01, -4.4153417647718046e-03,
       -1.2122320444520945e-01, 8.6009314262203498e-03,
       9.9258801054749624e-01 ]
Translation_Vector: !!opencv-matrix
   rows: 3
   cols: 1
   dt: d
   data: [ -4.9146511905989714e+00, 2.2796153510058920e-01,
       1.1232371276077037e-01 ]
Essential_Matrix: !!opencv-matrix
   rows: 3
   cols: 3
   dt: d
   data: [ -3.1537967816101249e-02, -1.1029407916094533e-01,
       2.2676783418697391e-01, -4.8434277085382571e-01,
       3.8455892668083948e-02, 4.8918653054172481e+00,
       -3.9694725558729138e-01, -4.9038923149183411e+00,
       -5.9855415668020329e-03 ]
Fundamental_Matrix: !!opencv-matrix
   rows: 3
   cols: 3
   dt: d
   data: [ 3.0293161578056273e-07, 1.0590068812382590e-06,
       -5.1905521979694995e-03, 4.6504973894721120e-06,
       -3.6910095359060003e-07, -8.9186873344349910e-02,
       2.5479678162268859e-03, 8.7038375003555671e-02, 1. ]
Rectification_Transformation_1: !!opencv-matrix
   rows: 3
   cols: 3
   dt: d
   data: [ 9.9185002606376638e-01, -8.0406277595867937e-02,
       9.8834995424101388e-02, 8.0570171668842283e-02,
       9.9674619583492274e-01, 2.3384879437998623e-03,
       -9.8701434815098799e-02, 5.6437232202013700e-03,
       9.9510108790697971e-01 ]
Rectification_Transformation_2: !!opencv-matrix
   rows: 3
   cols: 3
   dt: d
   data: [ 9.9866576144018382e-01, -4.6322184668117626e-02,
       -2.2824375887874171e-02, 4.6359930780519448e-02,
       9.9892416449104993e-01, 1.1271263831500922e-03,
       2.2747609657359780e-02, -2.1837590139383327e-03,
       9.9973885462726986e-01 ]
Projection_Matrix_1: !!opencv-matrix
   rows: 3
   cols: 4
   dt: d
   data: [ 1.3914714695919270e+03, 0., 4.6109566879272461e+02, 0., 0.,
       1.3914714695919270e+03, 9.3462863159179688e+02, 0., 0., 0., 1.,
       0. ]
Projection_Matrix_2: !!opencv-matrix
   rows: 3
   cols: 4
   dt: d
   data: [ 1.3914714695919270e+03, 0., 4.6109566879272461e+02,
       -6.8477334246970404e+03, 0., 1.3914714695919270e+03,
       9.3462863159179688e+02, 0., 0., 0., 1., 0. ]
Disparity-to-depth_Mapping_Matrix: !!opencv-matrix
   rows: 4
   cols: 4
   dt: d
   data: [ 1., 0., 0., -4.6109566879272461e+02, 0., 1., 0.,
       -9.3462863159179688e+02, 0., 0., 0., 1.3914714695919270e+03, 0.,
       0., 2.0320175790918571e-01, 0. ]
