%YAML:1.0
calibration_Time: "Tue Aug  1 12:14:04 2017"
calibration_pattern: CHESSBOARD
Rotation_Matrix: !!opencv-matrix
   rows: 3
   cols: 3
   dt: d
   data: [ 9.9483089582482043e-01, -2.8729180626419895e-02,
       9.7396729374860352e-02, 2.8641997149981058e-02,
       9.9958710279603857e-01, 2.2934522193225415e-03,
       -9.7422403540693453e-02, 5.0803971929215107e-04,
       9.9524299403914318e-01 ]
Translation_Vector: !!opencv-matrix
   rows: 3
   cols: 1
   dt: d
   data: [ -5.0572857298214924e-02, -5.6343956409645075e-04,
       5.0353697989698049e-03 ]
Essential_Matrix: !!opencv-matrix
   rows: 3
   cols: 3
   dt: d
   data: [ -8.9331410846996996e-05, -5.0335769585368806e-03,
       -5.7230765877201836e-04, 8.2412136005778278e-05,
       -1.1896902824983603e-04, 5.0822710464202357e-02,
       -8.8798054830865208e-04, -5.0568163063849147e-02,
       -6.1109261064681917e-05 ]
Fundamental_Matrix: !!opencv-matrix
   rows: 3
   cols: 3
   dt: d
   data: [ 6.8274837439117218e-08, 3.8656019175158464e-06,
       -2.8631601537008212e-03, -6.3314382308886198e-08,
       9.1839402863570083e-08, -7.3769384236677615e-02,
       1.3081908580077628e-03, 7.1380195144973471e-02, 1. ]
Rectification_Transformation_1: !!opencv-matrix
   rows: 3
   cols: 3
   dt: d
   data: [ 9.9984451127849894e-01, -1.7555331957876456e-02,
       -1.6624037140091988e-03, 1.7556800437509758e-02,
       9.9984548645450477e-01, 8.7291176658871143e-04,
       1.6468225942849052e-03, -9.0196252890759445e-04,
       9.9999823721791603e-01 ]
Rectification_Transformation_2: !!opencv-matrix
   rows: 3
   cols: 3
   dt: d
   data: [ 9.9501864845884846e-01, 1.1085647588578877e-02,
       -9.9070669911272405e-02, -1.1173675320697766e-02,
       9.9993751685827659e-01, -3.3370515672087955e-04,
       9.9060780326797798e-02, 1.4390263534167186e-03,
       9.9508034399449374e-01 ]
Projection_Matrix_1: !!opencv-matrix
   rows: 3
   cols: 4
   dt: d
   data: [ 1.5059187788009292e+03, 0., 6.5861599731445312e+02, 0., 0.,
       1.5059187788009292e+03, 9.3799903106689453e+02, 0., 0., 0., 1.,
       0. ]
Projection_Matrix_2: !!opencv-matrix
   rows: 3
   cols: 4
   dt: d
   data: [ 1.5059187788009292e+03, 0., 6.5861599731445312e+02,
       -7.6539887590007538e+01, 0., 1.5059187788009292e+03,
       9.3799903106689453e+02, 0., 0., 0., 1., 0. ]
Disparity-to-depth_Mapping_Matrix: !!opencv-matrix
   rows: 4
   cols: 4
   dt: d
   data: [ 1., 0., 0., -6.5861599731445312e+02, 0., 1., 0.,
       -9.3799903106689453e+02, 0., 0., 0., 1.5059187788009292e+03, 0.,
       0., 1.9674954147666273e+01, 0. ]
