%YAML:1.0
image_width: 640
image_height: 480
camera_matrix: !!opencv-matrix
   rows: 3
   cols: 3
   dt: d
   data: [ 3.2738040364962522e+01, 0., 3.1958880223943925e+02, 0.,
       2.5411075856431037e+01, 2.3964647669299458e+02, 0., 0., 1. ]
distortion_coefficients: !!opencv-matrix
   rows: 1
   cols: 5
   dt: d
   data: [ -5.1334941384696582e-03, 1.5863568249471106e-05,
       -3.1680571202418633e-04, -6.6525281718065191e-03,
       -2.4825556218331528e-08 ]
